period,region,cor,gender,arv_count
2013-01,AFRICA,South Africa (Rep of),Male,1748
2013-01,AFRICA,South Africa (Rep of),Female,1443
2013-01,AFRICA,South Africa (Rep of),Not Stated,0
2013-02,AFRICA,South Africa (Rep of),Male,973
2013-02,AFRICA,South Africa (Rep of),Female,633
2013-02,AFRICA,South Africa (Rep of),Not Stated,0
2013-03,AFRICA,South Africa (Rep of),Male,1832
2013-03,AFRICA,South Africa (Rep of),Female,1350
2013-03,AFRICA,South Africa (Rep of),Not Stated,0
2013-04,AFRICA,South Africa (Rep of),Male,1478
2013-04,AFRICA,South Africa (Rep of),Female,1016
2013-04,AFRICA,South Africa (Rep of),Not Stated,0
2013-05,AFRICA,South Africa (Rep of),Male,1436
2013-05,AFRICA,South Africa (Rep of),Female,865
2013-05,AFRICA,South Africa (Rep of),Not Stated,0
2013-06,AFRICA,South Africa (Rep of),Male,1509
2013-06,AFRICA,South Africa (Rep of),Female,1136
2013-06,AFRICA,South Africa (Rep of),Not Stated,0
2013-07,AFRICA,South Africa (Rep of),Male,1377
2013-07,AFRICA,South Africa (Rep of),Female,1151
2013-07,AFRICA,South Africa (Rep of),Not Stated,0
2013-08,AFRICA,South Africa (Rep of),Male,987
2013-08,AFRICA,South Africa (Rep of),Female,743
2013-08,AFRICA,South Africa (Rep of),Not Stated,0
2013-09,AFRICA,South Africa (Rep of),Male,1819
2013-09,AFRICA,South Africa (Rep of),Female,1114
2013-10,AFRICA,South Africa (Rep of),Male,1341
2013-10,AFRICA,South Africa (Rep of),Female,772
2013-10,AFRICA,South Africa (Rep of),Not Stated,0
2013-11,AFRICA,South Africa (Rep of),Male,1203
2013-11,AFRICA,South Africa (Rep of),Female,670
2013-12,AFRICA,South Africa (Rep of),Male,2778
2013-12,AFRICA,South Africa (Rep of),Female,2616
2013-12,AFRICA,South Africa (Rep of),Not Stated,0
2014-01,AFRICA,South Africa (Rep of),Male,1583
2014-01,AFRICA,South Africa (Rep of),Female,1246
2014-01,AFRICA,South Africa (Rep of),Not Stated,0
2014-02,AFRICA,South Africa (Rep of),Male,1096
2014-02,AFRICA,South Africa (Rep of),Female,633
2014-03,AFRICA,South Africa (Rep of),Male,1404
2014-03,AFRICA,South Africa (Rep of),Female,876
2014-04,AFRICA,South Africa (Rep of),Male,1897
2014-04,AFRICA,South Africa (Rep of),Female,1467
2014-05,AFRICA,South Africa (Rep of),Male,1195
2014-05,AFRICA,South Africa (Rep of),Female,717
2014-06,AFRICA,South Africa (Rep of),Male,1123
2014-06,AFRICA,South Africa (Rep of),Female,677
2014-07,AFRICA,South Africa (Rep of),Male,1351
2014-07,AFRICA,South Africa (Rep of),Female,1097
2014-08,AFRICA,South Africa (Rep of),Male,1224
2014-08,AFRICA,South Africa (Rep of),Female,813
2014-09,AFRICA,South Africa (Rep of),Male,1512
2014-09,AFRICA,South Africa (Rep of),Female,842
2014-10,AFRICA,South Africa (Rep of),Male,1122
2014-10,AFRICA,South Africa (Rep of),Female,731
2014-11,AFRICA,South Africa (Rep of),Male,1364
2014-11,AFRICA,South Africa (Rep of),Female,946
2014-12,AFRICA,South Africa (Rep of),Male,2536
2014-12,AFRICA,South Africa (Rep of),Female,2306
2015-01,AFRICA,South Africa (Rep of),Male,1765
2015-01,AFRICA,South Africa (Rep of),Female,1490
2015-02,AFRICA,South Africa (Rep of),Male,993
2015-02,AFRICA,South Africa (Rep of),Female,626
2015-03,AFRICA,South Africa (Rep of),Male,1480
2015-03,AFRICA,South Africa (Rep of),Female,1061
2015-04,AFRICA,South Africa (Rep of),Male,1653
2015-04,AFRICA,South Africa (Rep of),Female,1232
2015-05,AFRICA,South Africa (Rep of),Male,1366
2015-05,AFRICA,South Africa (Rep of),Female,985
2015-06,AFRICA,South Africa (Rep of),Male,1166
2015-06,AFRICA,South Africa (Rep of),Female,882
2015-07,AFRICA,South Africa (Rep of),Male,1492
2015-07,AFRICA,South Africa (Rep of),Female,1260
2015-08,AFRICA,South Africa (Rep of),Male,1271
2015-08,AFRICA,South Africa (Rep of),Female,912
2015-09,AFRICA,South Africa (Rep of),Male,1576
2015-09,AFRICA,South Africa (Rep of),Female,1066
2015-10,AFRICA,South Africa (Rep of),Male,1630
2015-10,AFRICA,South Africa (Rep of),Female,1351
2015-11,AFRICA,South Africa (Rep of),Male,1410
2015-11,AFRICA,South Africa (Rep of),Female,937
2015-12,AFRICA,South Africa (Rep of),Male,2534
2015-12,AFRICA,South Africa (Rep of),Female,2331
2015-12,AFRICA,South Africa (Rep of),Not Stated,1
2013-01,AMERICAS,Canada,Male,5423
2013-01,AMERICAS,Canada,Female,4375
2013-01,AMERICAS,Canada,Not Stated,0
2013-01,AMERICAS,USA,Male,28700
2013-01,AMERICAS,USA,Female,17032
2013-01,AMERICAS,USA,Not Stated,4
2013-02,AMERICAS,Canada,Male,4961
2013-02,AMERICAS,Canada,Female,4031
2013-02,AMERICAS,Canada,Not Stated,3
2013-02,AMERICAS,USA,Male,25111
2013-02,AMERICAS,USA,Female,15579
2013-02,AMERICAS,USA,Not Stated,6
2013-03,AMERICAS,Canada,Male,5383
2013-03,AMERICAS,Canada,Female,4251
2013-03,AMERICAS,Canada,Not Stated,1
2013-03,AMERICAS,USA,Male,30365
2013-03,AMERICAS,USA,Female,16510
2013-03,AMERICAS,USA,Not Stated,6
2013-04,AMERICAS,Canada,Male,4313
2013-04,AMERICAS,Canada,Female,3455
2013-04,AMERICAS,Canada,Not Stated,1
2013-04,AMERICAS,USA,Male,25159
2013-04,AMERICAS,USA,Female,13739
2013-04,AMERICAS,USA,Not Stated,10
2013-05,AMERICAS,Canada,Male,3724
2013-05,AMERICAS,Canada,Female,2975
2013-05,AMERICAS,Canada,Not Stated,0
2013-05,AMERICAS,USA,Male,24222
2013-05,AMERICAS,USA,Female,12679
2013-05,AMERICAS,USA,Not Stated,8
2013-06,AMERICAS,Canada,Male,3311
2013-06,AMERICAS,Canada,Female,2435
2013-06,AMERICAS,Canada,Not Stated,2
2013-06,AMERICAS,USA,Male,28270
2013-06,AMERICAS,USA,Female,17586
2013-06,AMERICAS,USA,Not Stated,4
2013-07,AMERICAS,Canada,Male,3950
2013-07,AMERICAS,Canada,Female,3451
2013-07,AMERICAS,Canada,Not Stated,0
2013-07,AMERICAS,USA,Male,27159
2013-07,AMERICAS,USA,Female,18014
2013-07,AMERICAS,USA,Not Stated,3
2013-08,AMERICAS,Canada,Male,3887
2013-08,AMERICAS,Canada,Female,3121
2013-08,AMERICAS,USA,Male,24720
2013-08,AMERICAS,USA,Female,14355
2013-08,AMERICAS,USA,Not Stated,4
2013-09,AMERICAS,Canada,Male,2955
2013-09,AMERICAS,Canada,Female,1982
2013-09,AMERICAS,USA,Male,23181
2013-09,AMERICAS,USA,Female,10558
2013-09,AMERICAS,USA,Not Stated,2
2013-10,AMERICAS,Canada,Male,4060
2013-10,AMERICAS,Canada,Female,3098
2013-10,AMERICAS,USA,Male,24564
2013-10,AMERICAS,USA,Female,12991
2013-10,AMERICAS,USA,Not Stated,0
2013-11,AMERICAS,Canada,Male,4476
2013-11,AMERICAS,Canada,Female,3524
2013-11,AMERICAS,USA,Male,25882
2013-11,AMERICAS,USA,Female,13738
2013-11,AMERICAS,USA,Not Stated,0
2013-12,AMERICAS,Canada,Male,5107
2013-12,AMERICAS,Canada,Female,4430
2013-12,AMERICAS,USA,Male,25370
2013-12,AMERICAS,USA,Female,16415
2013-12,AMERICAS,USA,Not Stated,0
2014-01,AMERICAS,Canada,Male,5495
2014-01,AMERICAS,Canada,Female,4822
2014-01,AMERICAS,USA,Male,26640
2014-01,AMERICAS,USA,Female,17106
2014-01,AMERICAS,USA,Not Stated,0
2014-02,AMERICAS,Canada,Male,5453
2014-02,AMERICAS,Canada,Female,4665
2014-02,AMERICAS,Canada,Not Stated,0
2014-02,AMERICAS,USA,Male,27891
2014-02,AMERICAS,USA,Female,16161
2014-02,AMERICAS,USA,Not Stated,0
2014-03,AMERICAS,Canada,Male,5874
2014-03,AMERICAS,Canada,Female,5031
2014-03,AMERICAS,Canada,Not Stated,0
2014-03,AMERICAS,USA,Male,31204
2014-03,AMERICAS,USA,Female,18525
2014-03,AMERICAS,USA,Not Stated,0
2014-04,AMERICAS,Canada,Male,3788
2014-04,AMERICAS,Canada,Female,3073
2014-04,AMERICAS,Canada,Not Stated,0
2014-04,AMERICAS,USA,Male,23565
2014-04,AMERICAS,USA,Female,13029
2014-04,AMERICAS,USA,Not Stated,0
2014-05,AMERICAS,Canada,Male,3926
2014-05,AMERICAS,Canada,Female,2877
2014-05,AMERICAS,USA,Male,23070
2014-05,AMERICAS,USA,Female,12285
2014-05,AMERICAS,USA,Not Stated,0
2014-06,AMERICAS,Canada,Male,3166
2014-06,AMERICAS,Canada,Female,2350
2014-06,AMERICAS,Canada,Not Stated,0
2014-06,AMERICAS,USA,Male,25730
2014-06,AMERICAS,USA,Female,15879
2014-06,AMERICAS,USA,Not Stated,0
2014-07,AMERICAS,Canada,Male,3792
2014-07,AMERICAS,Canada,Female,3260
2014-07,AMERICAS,Canada,Not Stated,0
2014-07,AMERICAS,USA,Male,25472
2014-07,AMERICAS,USA,Female,18036
2014-07,AMERICAS,USA,Not Stated,0
2014-08,AMERICAS,Canada,Male,3495
2014-08,AMERICAS,Canada,Female,3146
2014-08,AMERICAS,USA,Male,23956
2014-08,AMERICAS,USA,Female,14111
2014-08,AMERICAS,USA,Not Stated,0
2014-09,AMERICAS,Canada,Male,2987
2014-09,AMERICAS,Canada,Female,2035
2014-09,AMERICAS,USA,Male,22513
2014-09,AMERICAS,USA,Female,10540
2014-09,AMERICAS,USA,Not Stated,0
2014-10,AMERICAS,Canada,Male,3763
2014-10,AMERICAS,Canada,Female,2933
2014-10,AMERICAS,USA,Male,23778
2014-10,AMERICAS,USA,Female,12528
2014-11,AMERICAS,Canada,Male,4326
2014-11,AMERICAS,Canada,Female,3336
2014-11,AMERICAS,USA,Male,25876
2014-11,AMERICAS,USA,Female,13829
2014-12,AMERICAS,Canada,Male,4967
2014-12,AMERICAS,Canada,Female,4267
2014-12,AMERICAS,USA,Male,26118
2014-12,AMERICAS,USA,Female,17069
2014-12,AMERICAS,USA,Not Stated,1
2015-01,AMERICAS,Canada,Male,5746
2015-01,AMERICAS,Canada,Female,5129
2015-01,AMERICAS,USA,Male,28546
2015-01,AMERICAS,USA,Female,18299
2015-02,AMERICAS,Canada,Male,5261
2015-02,AMERICAS,Canada,Female,4654
2015-02,AMERICAS,USA,Male,25352
2015-02,AMERICAS,USA,Female,17075
2015-03,AMERICAS,Canada,Male,5660
2015-03,AMERICAS,Canada,Female,4855
2015-03,AMERICAS,USA,Male,30334
2015-03,AMERICAS,USA,Female,18007
2015-04,AMERICAS,Canada,Male,3915
2015-04,AMERICAS,Canada,Female,3171
2015-04,AMERICAS,USA,Male,22906
2015-04,AMERICAS,USA,Female,13280
2015-05,AMERICAS,Canada,Male,3662
2015-05,AMERICAS,Canada,Female,2975
2015-05,AMERICAS,USA,Male,23825
2015-05,AMERICAS,USA,Female,13292
2015-06,AMERICAS,Canada,Male,3286
2015-06,AMERICAS,Canada,Female,2628
2015-06,AMERICAS,USA,Male,26769
2015-06,AMERICAS,USA,Female,18160
2015-07,AMERICAS,Canada,Male,3629
2015-07,AMERICAS,Canada,Female,3355
2015-07,AMERICAS,USA,Male,26513
2015-07,AMERICAS,USA,Female,18626
2015-08,AMERICAS,Canada,Male,3582
2015-08,AMERICAS,Canada,Female,3152
2015-08,AMERICAS,USA,Male,24315
2015-08,AMERICAS,USA,Female,14775
2015-09,AMERICAS,Canada,Male,2982
2015-09,AMERICAS,Canada,Female,2214
2015-09,AMERICAS,USA,Male,21507
2015-09,AMERICAS,USA,Female,11242
2015-10,AMERICAS,Canada,Male,4367
2015-10,AMERICAS,Canada,Female,3491
2015-10,AMERICAS,USA,Male,25479
2015-10,AMERICAS,USA,Female,14204
2015-11,AMERICAS,Canada,Male,4627
2015-11,AMERICAS,Canada,Female,3954
2015-11,AMERICAS,USA,Male,25838
2015-11,AMERICAS,USA,Female,15619
2015-12,AMERICAS,Canada,Male,5233
2015-12,AMERICAS,Canada,Female,4719
2015-12,AMERICAS,USA,Male,26690
2015-12,AMERICAS,USA,Female,18856
2015-12,AMERICAS,USA,Not Stated,0
2013-01,ASIA,ASEAN,Female,234328
2013-01,ASIA,ASEAN,Male,225628
2013-01,ASIA,ASEAN,Not Stated,57
2013-01,ASIA,China,Male,87377
2013-01,ASIA,China,Female,101723
2013-01,ASIA,China,Not Stated,7
2013-01,ASIA,Hong Kong SAR,Male,17258
2013-01,ASIA,Hong Kong SAR,Female,15177
2013-01,ASIA,Hong Kong SAR,Not Stated,3
2013-01,ASIA,India,Male,45978
2013-01,ASIA,India,Female,25144
2013-01,ASIA,India,Not Stated,40
2013-01,ASIA,Indonesia,Female,131224
2013-01,ASIA,Indonesia,Male,123479
2013-01,ASIA,Indonesia,Not Stated,22
2013-01,ASIA,Japan,Male,36305
2013-01,ASIA,Japan,Female,26550
2013-01,ASIA,Japan,Not Stated,2
2013-01,ASIA,Malaysia,Male,49473
2013-01,ASIA,Malaysia,Female,39803
2013-01,ASIA,Malaysia,Not Stated,24
2013-01,ASIA,Philippines,Male,19320
2013-01,ASIA,Philippines,Female,24876
2013-01,ASIA,Philippines,Not Stated,5
2013-01,ASIA,South Korea,Male,25527
2013-01,ASIA,South Korea,Female,27665
2013-01,ASIA,South Korea,Not Stated,1
2013-01,ASIA,Taiwan,Male,15437
2013-01,ASIA,Taiwan,Female,17279
2013-01,ASIA,Taiwan,Not Stated,1
2013-01,ASIA,Thailand,Male,15853
2013-01,ASIA,Thailand,Female,17042
2013-01,ASIA,Thailand,Not Stated,2
2013-01,ASIA,Vietnam,Male,9608
2013-01,ASIA,Vietnam,Female,13270
2013-01,ASIA,Vietnam,Not Stated,1
2013-02,ASIA,ASEAN,Female,207462
2013-02,ASIA,ASEAN,Male,197680
2013-02,ASIA,ASEAN,Not Stated,204
2013-02,ASIA,China,Male,115628
2013-02,ASIA,China,Female,136949
2013-02,ASIA,China,Not Stated,381
2013-02,ASIA,Hong Kong SAR,Male,24698
2013-02,ASIA,Hong Kong SAR,Female,23720
2013-02,ASIA,Hong Kong SAR,Not Stated,55
2013-02,ASIA,India,Male,38816
2013-02,ASIA,India,Female,20791
2013-02,ASIA,India,Not Stated,58
2013-02,ASIA,Indonesia,Female,99479
2013-02,ASIA,Indonesia,Male,96564
2013-02,ASIA,Indonesia,Not Stated,16
2013-02,ASIA,Japan,Male,38088
2013-02,ASIA,Japan,Female,30297
2013-02,ASIA,Japan,Not Stated,57
2013-02,ASIA,Malaysia,Male,49301
2013-02,ASIA,Malaysia,Female,42480
2013-02,ASIA,Malaysia,Not Stated,114
2013-02,ASIA,Philippines,Male,18538
2013-02,ASIA,Philippines,Female,25989
2013-02,ASIA,Philippines,Not Stated,13
2013-02,ASIA,South Korea,Male,18944
2013-02,ASIA,South Korea,Female,21279
2013-02,ASIA,South Korea,Not Stated,6
2013-02,ASIA,Taiwan,Male,17938
2013-02,ASIA,Taiwan,Female,21007
2013-02,ASIA,Taiwan,Not Stated,142
2013-02,ASIA,Thailand,Male,14330
2013-02,ASIA,Thailand,Female,15932
2013-02,ASIA,Thailand,Not Stated,49
2013-02,ASIA,Vietnam,Male,12021
2013-02,ASIA,Vietnam,Female,16955
2013-02,ASIA,Vietnam,Not Stated,5
2013-03,ASIA,ASEAN,Female,270092
2013-03,ASIA,ASEAN,Male,253487
2013-03,ASIA,ASEAN,Not Stated,253
2013-03,ASIA,China,Male,90991
2013-03,ASIA,China,Female,114505
2013-03,ASIA,China,Not Stated,294
2013-03,ASIA,Hong Kong SAR,Male,25665
2013-03,ASIA,Hong Kong SAR,Female,24499
2013-03,ASIA,Hong Kong SAR,Not Stated,56
2013-03,ASIA,India,Male,46419
2013-03,ASIA,India,Female,24000
2013-03,ASIA,India,Not Stated,61
2013-03,ASIA,Indonesia,Female,133714
2013-03,ASIA,Indonesia,Male,125507
2013-03,ASIA,Indonesia,Not Stated,23
2013-03,ASIA,Japan,Male,48279
2013-03,ASIA,Japan,Female,39008
2013-03,ASIA,Japan,Not Stated,72
2013-03,ASIA,Malaysia,Male,57680
2013-03,ASIA,Malaysia,Female,50885
2013-03,ASIA,Malaysia,Not Stated,118
2013-03,ASIA,Philippines,Male,27705
2013-03,ASIA,Philippines,Female,35803
2013-03,ASIA,Philippines,Not Stated,13
2013-03,ASIA,South Korea,Male,17293
2013-03,ASIA,South Korea,Female,19453
2013-03,ASIA,South Korea,Not Stated,9
2013-03,ASIA,Taiwan,Male,10915
2013-03,ASIA,Taiwan,Female,11603
2013-03,ASIA,Taiwan,Not Stated,88
2013-03,ASIA,Thailand,Male,20809
2013-03,ASIA,Thailand,Female,23314
2013-03,ASIA,Thailand,Not Stated,79
2013-03,ASIA,Vietnam,Male,11646
2013-03,ASIA,Vietnam,Female,16080
2013-03,ASIA,Vietnam,Not Stated,6
2013-04,ASIA,ASEAN,Female,256501
2013-04,ASIA,ASEAN,Male,240617
2013-04,ASIA,ASEAN,Not Stated,270
2013-04,ASIA,China,Male,97770
2013-04,ASIA,China,Female,129706
2013-04,ASIA,China,Not Stated,394
2013-04,ASIA,Hong Kong SAR,Male,21096
2013-04,ASIA,Hong Kong SAR,Female,19127
2013-04,ASIA,Hong Kong SAR,Not Stated,29
2013-04,ASIA,India,Male,48353
2013-04,ASIA,India,Female,27689
2013-04,ASIA,India,Not Stated,61
2013-04,ASIA,Indonesia,Female,110679
2013-04,ASIA,Indonesia,Male,107902
2013-04,ASIA,Indonesia,Not Stated,21
2013-04,ASIA,Japan,Male,32829
2013-04,ASIA,Japan,Female,20422
2013-04,ASIA,Japan,Not Stated,41
2013-04,ASIA,Malaysia,Male,52199
2013-04,ASIA,Malaysia,Female,43104
2013-04,ASIA,Malaysia,Not Stated,111
2013-04,ASIA,Philippines,Male,30985
2013-04,ASIA,Philippines,Female,42215
2013-04,ASIA,Philippines,Not Stated,15
2013-04,ASIA,South Korea,Male,16012
2013-04,ASIA,South Korea,Female,15279
2013-04,ASIA,South Korea,Not Stated,5
2013-04,ASIA,Taiwan,Male,11417
2013-04,ASIA,Taiwan,Female,12751
2013-04,ASIA,Taiwan,Not Stated,93
2013-04,ASIA,Thailand,Male,24826
2013-04,ASIA,Thailand,Female,29799
2013-04,ASIA,Thailand,Not Stated,103
2013-04,ASIA,Vietnam,Male,13515
2013-04,ASIA,Vietnam,Female,18344
2013-04,ASIA,Vietnam,Not Stated,4
2013-05,ASIA,ASEAN,Female,278914
2013-05,ASIA,ASEAN,Male,255741
2013-05,ASIA,ASEAN,Not Stated,235
2013-05,ASIA,China,Male,88229
2013-05,ASIA,China,Female,109984
2013-05,ASIA,China,Not Stated,216
2013-05,ASIA,Hong Kong SAR,Male,20981
2013-05,ASIA,Hong Kong SAR,Female,19878
2013-05,ASIA,Hong Kong SAR,Not Stated,39
2013-05,ASIA,India,Male,70166
2013-05,ASIA,India,Female,51773
2013-05,ASIA,India,Not Stated,91
2013-05,ASIA,Indonesia,Female,129264
2013-05,ASIA,Indonesia,Male,121805
2013-05,ASIA,Indonesia,Not Stated,23
2013-05,ASIA,Japan,Male,34162
2013-05,ASIA,Japan,Female,21287
2013-05,ASIA,Japan,Not Stated,42
2013-05,ASIA,Malaysia,Male,57288
2013-05,ASIA,Malaysia,Female,52143
2013-05,ASIA,Malaysia,Not Stated,86
2013-05,ASIA,Philippines,Male,32538
2013-05,ASIA,Philippines,Female,44367
2013-05,ASIA,Philippines,Not Stated,24
2013-05,ASIA,South Korea,Male,16443
2013-05,ASIA,South Korea,Female,17410
2013-05,ASIA,South Korea,Not Stated,4
2013-05,ASIA,Taiwan,Male,10836
2013-05,ASIA,Taiwan,Female,11363
2013-05,ASIA,Taiwan,Not Stated,62
2013-05,ASIA,Thailand,Male,22035
2013-05,ASIA,Thailand,Female,26058
2013-05,ASIA,Thailand,Not Stated,78
2013-05,ASIA,Vietnam,Male,12725
2013-05,ASIA,Vietnam,Female,17765
2013-05,ASIA,Vietnam,Not Stated,6
2013-06,ASIA,ASEAN,Female,289973
2013-06,ASIA,ASEAN,Male,266896
2013-06,ASIA,ASEAN,Not Stated,138
2013-06,ASIA,China,Male,76185
2013-06,ASIA,China,Female,90683
2013-06,ASIA,China,Not Stated,22
2013-06,ASIA,Hong Kong SAR,Male,22115
2013-06,ASIA,Hong Kong SAR,Female,21741
2013-06,ASIA,Hong Kong SAR,Not Stated,1
2013-06,ASIA,India,Male,60302
2013-06,ASIA,India,Female,39232
2013-06,ASIA,India,Not Stated,220
2013-06,ASIA,Indonesia,Female,154542
2013-06,ASIA,Indonesia,Male,141257
2013-06,ASIA,Indonesia,Not Stated,108
2013-06,ASIA,Japan,Male,35405
2013-06,ASIA,Japan,Female,22350
2013-06,ASIA,Japan,Not Stated,2
2013-06,ASIA,Malaysia,Male,56080
2013-06,ASIA,Malaysia,Female,51196
2013-06,ASIA,Malaysia,Not Stated,10
2013-06,ASIA,Philippines,Male,24022
2013-06,ASIA,Philippines,Female,31836
2013-06,ASIA,Philippines,Not Stated,10
2013-06,ASIA,South Korea,Male,17534
2013-06,ASIA,South Korea,Female,18874
2013-06,ASIA,South Korea,Not Stated,1
2013-06,ASIA,Taiwan,Male,14114
2013-06,ASIA,Taiwan,Female,15565
2013-06,ASIA,Taiwan,Not Stated,1
2013-06,ASIA,Thailand,Male,17894
2013-06,ASIA,Thailand,Female,18121
2013-06,ASIA,Thailand,Not Stated,3
2013-06,ASIA,Vietnam,Male,17676
2013-06,ASIA,Vietnam,Female,24512
2013-06,ASIA,Vietnam,Not Stated,6
2013-07,ASIA,ASEAN,Female,265562
2013-07,ASIA,ASEAN,Male,246487
2013-07,ASIA,ASEAN,Not Stated,45
2013-07,ASIA,China,Male,107848
2013-07,ASIA,China,Female,140785
2013-07,ASIA,China,Not Stated,2
2013-07,ASIA,Hong Kong SAR,Male,33895
2013-07,ASIA,Hong Kong SAR,Female,33766
2013-07,ASIA,Hong Kong SAR,Not Stated,1
2013-07,ASIA,India,Male,49051
2013-07,ASIA,India,Female,24459
2013-07,ASIA,India,Not Stated,40
2013-07,ASIA,Indonesia,Female,134532
2013-07,ASIA,Indonesia,Male,126156
2013-07,ASIA,Indonesia,Not Stated,12
2013-07,ASIA,Japan,Male,40366
2013-07,ASIA,Japan,Female,29746
2013-07,ASIA,Japan,Not Stated,1
2013-07,ASIA,Malaysia,Male,50907
2013-07,ASIA,Malaysia,Female,42374
2013-07,ASIA,Malaysia,Not Stated,18
2013-07,ASIA,Philippines,Male,20315
2013-07,ASIA,Philippines,Female,28901
2013-07,ASIA,Philippines,Not Stated,9
2013-07,ASIA,South Korea,Male,20237
2013-07,ASIA,South Korea,Female,21674
2013-07,ASIA,South Korea,Not Stated,2
2013-07,ASIA,Taiwan,Male,21710
2013-07,ASIA,Taiwan,Female,25578
2013-07,ASIA,Taiwan,Not Stated,2
2013-07,ASIA,Thailand,Male,19281
2013-07,ASIA,Thailand,Female,22629
2013-07,ASIA,Thailand,Not Stated,2
2013-07,ASIA,Vietnam,Male,20247
2013-07,ASIA,Vietnam,Female,27583
2013-07,ASIA,Vietnam,Not Stated,4
2013-08,ASIA,ASEAN,Female,303205
2013-08,ASIA,ASEAN,Male,281863
2013-08,ASIA,ASEAN,Not Stated,34
2013-08,ASIA,China,Male,103649
2013-08,ASIA,China,Female,138603
2013-08,ASIA,China,Not Stated,4
2013-08,ASIA,Hong Kong SAR,Male,31121
2013-08,ASIA,Hong Kong SAR,Female,30213
2013-08,ASIA,Hong Kong SAR,Not Stated,3
2013-08,ASIA,India,Male,43991
2013-08,ASIA,India,Female,22241
2013-08,ASIA,India,Not Stated,42
2013-08,ASIA,Indonesia,Female,167565
2013-08,ASIA,Indonesia,Male,160594
2013-08,ASIA,Indonesia,Not Stated,15
2013-08,ASIA,Japan,Male,47179
2013-08,ASIA,Japan,Female,44996
2013-08,ASIA,Japan,Not Stated,4
2013-08,ASIA,Malaysia,Male,59774
2013-08,ASIA,Malaysia,Female,56604
2013-08,ASIA,Malaysia,Not Stated,14
2013-08,ASIA,Philippines,Male,21167
2013-08,ASIA,Philippines,Female,30648
2013-08,ASIA,Philippines,Not Stated,2
2013-08,ASIA,South Korea,Male,21329
2013-08,ASIA,South Korea,Female,24656
2013-08,ASIA,South Korea,Not Stated,1
2013-08,ASIA,Taiwan,Male,18759
2013-08,ASIA,Taiwan,Female,21811
2013-08,ASIA,Taiwan,Not Stated,1
2013-08,ASIA,Thailand,Male,17071
2013-08,ASIA,Thailand,Female,19477
2013-08,ASIA,Thailand,Not Stated,0
2013-08,ASIA,Vietnam,Male,14731
2013-08,ASIA,Vietnam,Female,20247
2013-08,ASIA,Vietnam,Not Stated,2
2013-09,ASIA,ASEAN,Female,226808
2013-09,ASIA,ASEAN,Male,219090
2013-09,ASIA,ASEAN,Not Stated,25
2013-09,ASIA,China,Male,77991
2013-09,ASIA,China,Female,101139
2013-09,ASIA,China,Not Stated,0
2013-09,ASIA,Hong Kong SAR,Male,18228
2013-09,ASIA,Hong Kong SAR,Female,15286
2013-09,ASIA,Hong Kong SAR,Not Stated,0
2013-09,ASIA,India,Male,44586
2013-09,ASIA,India,Female,19933
2013-09,ASIA,India,Not Stated,37
2013-09,ASIA,Indonesia,Female,110096
2013-09,ASIA,Indonesia,Male,108644
2013-09,ASIA,Indonesia,Not Stated,11
2013-09,ASIA,Japan,Male,41525
2013-09,ASIA,Japan,Female,32257
2013-09,ASIA,Japan,Not Stated,4
2013-09,ASIA,Malaysia,Male,53064
2013-09,ASIA,Malaysia,Female,45900
2013-09,ASIA,Malaysia,Not Stated,9
2013-09,ASIA,Philippines,Male,20256
2013-09,ASIA,Philippines,Female,27619
2013-09,ASIA,Philippines,Not Stated,4
2013-09,ASIA,South Korea,Male,16766
2013-09,ASIA,South Korea,Female,18833
2013-09,ASIA,South Korea,Not Stated,0
2013-09,ASIA,Taiwan,Male,12894
2013-09,ASIA,Taiwan,Female,14286
2013-09,ASIA,Taiwan,Not Stated,0
2013-09,ASIA,Thailand,Male,17617
2013-09,ASIA,Thailand,Female,18636
2013-09,ASIA,Thailand,Not Stated,1
2013-09,ASIA,Vietnam,Male,11540
2013-09,ASIA,Vietnam,Female,16736
2013-09,ASIA,Vietnam,Not Stated,0
2013-10,ASIA,ASEAN,Female,266133
2013-10,ASIA,ASEAN,Male,246846
2013-10,ASIA,ASEAN,Not Stated,10
2013-10,ASIA,China,Male,56881
2013-10,ASIA,China,Female,61072
2013-10,ASIA,China,Not Stated,2
2013-10,ASIA,Hong Kong SAR,Male,19747
2013-10,ASIA,Hong Kong SAR,Female,17823
2013-10,ASIA,Hong Kong SAR,Not Stated,0
2013-10,ASIA,India,Male,47175
2013-10,ASIA,India,Female,25239
2013-10,ASIA,India,Not Stated,15
2013-10,ASIA,Indonesia,Female,125515
2013-10,ASIA,Indonesia,Male,120593
2013-10,ASIA,Indonesia,Not Stated,7
2013-10,ASIA,Japan,Male,40201
2013-10,ASIA,Japan,Female,27832
2013-10,ASIA,Japan,Not Stated,1
2013-10,ASIA,Malaysia,Male,52889
2013-10,ASIA,Malaysia,Female,45206
2013-10,ASIA,Malaysia,Not Stated,2
2013-10,ASIA,Philippines,Male,25590
2013-10,ASIA,Philippines,Female,35769
2013-10,ASIA,Philippines,Not Stated,1
2013-10,ASIA,South Korea,Male,18938
2013-10,ASIA,South Korea,Female,21218
2013-10,ASIA,South Korea,Not Stated,1
2013-10,ASIA,Taiwan,Male,11034
2013-10,ASIA,Taiwan,Female,12212
2013-10,ASIA,Taiwan,Not Stated,0
2013-10,ASIA,Thailand,Male,26415
2013-10,ASIA,Thailand,Female,32472
2013-10,ASIA,Thailand,Not Stated,0
2013-10,ASIA,Vietnam,Male,11808
2013-10,ASIA,Vietnam,Female,17203
2013-10,ASIA,Vietnam,Not Stated,0
2013-11,ASIA,ASEAN,Female,261843
2013-11,ASIA,ASEAN,Male,243215
2013-11,ASIA,ASEAN,Not Stated,0
2013-11,ASIA,China,Male,57772
2013-11,ASIA,China,Female,61846
2013-11,ASIA,China,Not Stated,0
2013-11,ASIA,Hong Kong SAR,Male,20398
2013-11,ASIA,Hong Kong SAR,Female,18403
2013-11,ASIA,India,Male,47729
2013-11,ASIA,India,Female,26660
2013-11,ASIA,India,Not Stated,0
2013-11,ASIA,Indonesia,Female,121745
2013-11,ASIA,Indonesia,Male,116488
2013-11,ASIA,Indonesia,Not Stated,0
2013-11,ASIA,Japan,Male,44230
2013-11,ASIA,Japan,Female,28373
2013-11,ASIA,Japan,Not Stated,0
2013-11,ASIA,Malaysia,Male,66059
2013-11,ASIA,Malaysia,Female,63896
2013-11,ASIA,Malaysia,Not Stated,0
2013-11,ASIA,Philippines,Male,23365
2013-11,ASIA,Philippines,Female,31830
2013-11,ASIA,Philippines,Not Stated,0
2013-11,ASIA,South Korea,Male,20322
2013-11,ASIA,South Korea,Female,20066
2013-11,ASIA,South Korea,Not Stated,0
2013-11,ASIA,Taiwan,Male,10855
2013-11,ASIA,Taiwan,Female,11342
2013-11,ASIA,Taiwan,Not Stated,0
2013-11,ASIA,Thailand,Male,16386
2013-11,ASIA,Thailand,Female,18299
2013-11,ASIA,Vietnam,Male,11261
2013-11,ASIA,Vietnam,Female,16092
2013-12,ASIA,ASEAN,Female,335060
2013-12,ASIA,ASEAN,Male,291693
2013-12,ASIA,ASEAN,Not Stated,0
2013-12,ASIA,China,Male,57372
2013-12,ASIA,China,Female,63860
2013-12,ASIA,China,Not Stated,0
2013-12,ASIA,Hong Kong SAR,Male,22451
2013-12,ASIA,Hong Kong SAR,Female,22337
2013-12,ASIA,India,Male,50399
2013-12,ASIA,India,Female,32762
2013-12,ASIA,India,Not Stated,0
2013-12,ASIA,Indonesia,Female,169363
2013-12,ASIA,Indonesia,Male,151894
2013-12,ASIA,Indonesia,Not Stated,0
2013-12,ASIA,Japan,Male,40638
2013-12,ASIA,Japan,Female,30294
2013-12,ASIA,Japan,Not Stated,0
2013-12,ASIA,Malaysia,Male,68613
2013-12,ASIA,Malaysia,Female,73518
2013-12,ASIA,Malaysia,Not Stated,0
2013-12,ASIA,Philippines,Male,27626
2013-12,ASIA,Philippines,Female,36418
2013-12,ASIA,Philippines,Not Stated,0
2013-12,ASIA,South Korea,Male,17525
2013-12,ASIA,South Korea,Female,18461
2013-12,ASIA,South Korea,Not Stated,0
2013-12,ASIA,Taiwan,Male,9303
2013-12,ASIA,Taiwan,Female,9909
2013-12,ASIA,Taiwan,Not Stated,0
2013-12,ASIA,Thailand,Male,19453
2013-12,ASIA,Thailand,Female,23343
2013-12,ASIA,Thailand,Not Stated,0
2013-12,ASIA,Vietnam,Male,11093
2013-12,ASIA,Vietnam,Female,17803
2013-12,ASIA,Vietnam,Not Stated,0
2014-01,ASIA,ASEAN,Female,256540
2014-01,ASIA,ASEAN,Male,240665
2014-01,ASIA,ASEAN,Not Stated,0
2014-01,ASIA,China,Male,84944
2014-01,ASIA,China,Female,103293
2014-01,ASIA,China,Not Stated,0
2014-01,ASIA,Hong Kong SAR,Male,21565
2014-01,ASIA,Hong Kong SAR,Female,20344
2014-01,ASIA,Hong Kong SAR,Not Stated,0
2014-01,ASIA,India,Male,42549
2014-01,ASIA,India,Female,23008
2014-01,ASIA,India,Not Stated,0
2014-01,ASIA,Indonesia,Female,147452
2014-01,ASIA,Indonesia,Male,136674
2014-01,ASIA,Indonesia,Not Stated,0
2014-01,ASIA,Japan,Male,34681
2014-01,ASIA,Japan,Female,24897
2014-01,ASIA,Japan,Not Stated,0
2014-01,ASIA,Malaysia,Male,48759
2014-01,ASIA,Malaysia,Female,40723
2014-01,ASIA,Malaysia,Not Stated,0
2014-01,ASIA,Philippines,Male,18995
2014-01,ASIA,Philippines,Female,24707
2014-01,ASIA,Philippines,Not Stated,0
2014-01,ASIA,South Korea,Male,27299
2014-01,ASIA,South Korea,Female,32446
2014-01,ASIA,South Korea,Not Stated,0
2014-01,ASIA,Taiwan,Male,15056
2014-01,ASIA,Taiwan,Female,16977
2014-01,ASIA,Taiwan,Not Stated,0
2014-01,ASIA,Thailand,Male,16387
2014-01,ASIA,Thailand,Female,18876
2014-01,ASIA,Thailand,Not Stated,0
2014-01,ASIA,Vietnam,Male,10977
2014-01,ASIA,Vietnam,Female,15094
2014-01,ASIA,Vietnam,Not Stated,0
2014-02,ASIA,ASEAN,Female,226969
2014-02,ASIA,ASEAN,Male,213243
2014-02,ASIA,ASEAN,Not Stated,0
2014-02,ASIA,China,Male,94597
2014-02,ASIA,China,Female,109003
2014-02,ASIA,China,Not Stated,0
2014-02,ASIA,Hong Kong SAR,Male,24696
2014-02,ASIA,Hong Kong SAR,Female,23744
2014-02,ASIA,Hong Kong SAR,Not Stated,0
2014-02,ASIA,India,Male,42356
2014-02,ASIA,India,Female,20643
2014-02,ASIA,India,Not Stated,0
2014-02,ASIA,Indonesia,Female,112497
2014-02,ASIA,Indonesia,Male,106539
2014-02,ASIA,Indonesia,Not Stated,0
2014-02,ASIA,Japan,Male,40542
2014-02,ASIA,Japan,Female,28688
2014-02,ASIA,Japan,Not Stated,0
2014-02,ASIA,Malaysia,Male,49149
2014-02,ASIA,Malaysia,Female,42032
2014-02,ASIA,Malaysia,Not Stated,0
2014-02,ASIA,Philippines,Male,18791
2014-02,ASIA,Philippines,Female,25748
2014-02,ASIA,Philippines,Not Stated,0
2014-02,ASIA,South Korea,Male,23425
2014-02,ASIA,South Korea,Female,28505
2014-02,ASIA,South Korea,Not Stated,0
2014-02,ASIA,Taiwan,Male,15276
2014-02,ASIA,Taiwan,Female,17598
2014-02,ASIA,Taiwan,Not Stated,0
2014-02,ASIA,Thailand,Male,16675
2014-02,ASIA,Thailand,Female,18486
2014-02,ASIA,Thailand,Not Stated,0
2014-02,ASIA,Vietnam,Male,13719
2014-02,ASIA,Vietnam,Female,19334
2014-02,ASIA,Vietnam,Not Stated,0
2014-03,ASIA,ASEAN,Female,264386
2014-03,ASIA,ASEAN,Male,244527
2014-03,ASIA,ASEAN,Not Stated,0
2014-03,ASIA,China,Male,72299
2014-03,ASIA,China,Female,93343
2014-03,ASIA,China,Not Stated,0
2014-03,ASIA,Hong Kong SAR,Male,22590
2014-03,ASIA,Hong Kong SAR,Female,20628
2014-03,ASIA,Hong Kong SAR,Not Stated,0
2014-03,ASIA,India,Male,47178
2014-03,ASIA,India,Female,23310
2014-03,ASIA,India,Not Stated,0
2014-03,ASIA,Indonesia,Female,127083
2014-03,ASIA,Indonesia,Male,119225
2014-03,ASIA,Indonesia,Not Stated,0
2014-03,ASIA,Japan,Male,48283
2014-03,ASIA,Japan,Female,37663
2014-03,ASIA,Japan,Not Stated,0
2014-03,ASIA,Malaysia,Male,56775
2014-03,ASIA,Malaysia,Female,50227
2014-03,ASIA,Malaysia,Not Stated,0
2014-03,ASIA,Philippines,Male,24556
2014-03,ASIA,Philippines,Female,32494
2014-03,ASIA,Philippines,Not Stated,0
2014-03,ASIA,South Korea,Male,18124
2014-03,ASIA,South Korea,Female,22871
2014-03,ASIA,South Korea,Not Stated,0
2014-03,ASIA,Taiwan,Male,10642
2014-03,ASIA,Taiwan,Female,11473
2014-03,ASIA,Taiwan,Not Stated,0
2014-03,ASIA,Thailand,Male,21212
2014-03,ASIA,Thailand,Female,25126
2014-03,ASIA,Thailand,Not Stated,0
2014-03,ASIA,Vietnam,Male,12524
2014-03,ASIA,Vietnam,Female,18536
2014-03,ASIA,Vietnam,Not Stated,0
2014-04,ASIA,ASEAN,Female,266892
2014-04,ASIA,ASEAN,Male,245008
2014-04,ASIA,ASEAN,Not Stated,1
2014-04,ASIA,China,Male,59044
2014-04,ASIA,China,Female,67463
2014-04,ASIA,China,Not Stated,0
2014-04,ASIA,Hong Kong SAR,Male,34878
2014-04,ASIA,Hong Kong SAR,Female,34797
2014-04,ASIA,Hong Kong SAR,Not Stated,0
2014-04,ASIA,India,Male,50240
2014-04,ASIA,India,Female,29296
2014-04,ASIA,India,Not Stated,0
2014-04,ASIA,Indonesia,Female,118298
2014-04,ASIA,Indonesia,Male,111938
2014-04,ASIA,Indonesia,Not Stated,0
2014-04,ASIA,Japan,Male,31874
2014-04,ASIA,Japan,Female,18877
2014-04,ASIA,Japan,Not Stated,0
2014-04,ASIA,Malaysia,Male,51522
2014-04,ASIA,Malaysia,Female,43459
2014-04,ASIA,Malaysia,Not Stated,1
2014-04,ASIA,Philippines,Male,31080
2014-04,ASIA,Philippines,Female,42478
2014-04,ASIA,Philippines,Not Stated,0
2014-04,ASIA,South Korea,Male,17177
2014-04,ASIA,South Korea,Female,19070
2014-04,ASIA,South Korea,Not Stated,0
2014-04,ASIA,Taiwan,Male,12615
2014-04,ASIA,Taiwan,Female,13250
2014-04,ASIA,Taiwan,Not Stated,0
2014-04,ASIA,Thailand,Male,25124
2014-04,ASIA,Thailand,Female,31012
2014-04,ASIA,Thailand,Not Stated,0
2014-04,ASIA,Vietnam,Male,12804
2014-04,ASIA,Vietnam,Female,17430
2014-04,ASIA,Vietnam,Not Stated,0
2014-05,ASIA,ASEAN,Female,290131
2014-05,ASIA,ASEAN,Male,259724
2014-05,ASIA,ASEAN,Not Stated,0
2014-05,ASIA,China,Male,46565
2014-05,ASIA,China,Female,49422
2014-05,ASIA,China,Not Stated,0
2014-05,ASIA,Hong Kong SAR,Male,24227
2014-05,ASIA,Hong Kong SAR,Female,23632
2014-05,ASIA,Hong Kong SAR,Not Stated,0
2014-05,ASIA,India,Male,68986
2014-05,ASIA,India,Female,49966
2014-05,ASIA,India,Not Stated,1
2014-05,ASIA,Indonesia,Female,140170
2014-05,ASIA,Indonesia,Male,127544
2014-05,ASIA,Indonesia,Not Stated,0
2014-05,ASIA,Japan,Male,33577
2014-05,ASIA,Japan,Female,20596
2014-05,ASIA,Japan,Not Stated,0
2014-05,ASIA,Malaysia,Male,53260
2014-05,ASIA,Malaysia,Female,47388
2014-05,ASIA,Malaysia,Not Stated,0
2014-05,ASIA,Philippines,Male,32152
2014-05,ASIA,Philippines,Female,44824
2014-05,ASIA,Philippines,Not Stated,0
2014-05,ASIA,South Korea,Male,18069
2014-05,ASIA,South Korea,Female,23877
2014-05,ASIA,South Korea,Not Stated,0
2014-05,ASIA,Taiwan,Male,12551
2014-05,ASIA,Taiwan,Female,14148
2014-05,ASIA,Taiwan,Not Stated,0
2014-05,ASIA,Thailand,Male,21295
2014-05,ASIA,Thailand,Female,25388
2014-05,ASIA,Thailand,Not Stated,0
2014-05,ASIA,Vietnam,Male,14896
2014-05,ASIA,Vietnam,Female,21734
2014-05,ASIA,Vietnam,Not Stated,0
2014-06,ASIA,ASEAN,Female,289439
2014-06,ASIA,ASEAN,Male,263269
2014-06,ASIA,ASEAN,Not Stated,0
2014-06,ASIA,China,Male,43741
2014-06,ASIA,China,Female,47744
2014-06,ASIA,China,Not Stated,0
2014-06,ASIA,Hong Kong SAR,Male,24021
2014-06,ASIA,Hong Kong SAR,Female,23161
2014-06,ASIA,Hong Kong SAR,Not Stated,0
2014-06,ASIA,India,Male,58064
2014-06,ASIA,India,Female,36672
2014-06,ASIA,India,Not Stated,2
2014-06,ASIA,Indonesia,Female,144975
2014-06,ASIA,Indonesia,Male,133206
2014-06,ASIA,Indonesia,Not Stated,0
2014-06,ASIA,Japan,Male,35444
2014-06,ASIA,Japan,Female,20600
2014-06,ASIA,Japan,Not Stated,0
2014-06,ASIA,Malaysia,Male,56333
2014-06,ASIA,Malaysia,Female,52612
2014-06,ASIA,Malaysia,Not Stated,0
2014-06,ASIA,Philippines,Male,23805
2014-06,ASIA,Philippines,Female,32419
2014-06,ASIA,Philippines,Not Stated,0
2014-06,ASIA,South Korea,Male,17745
2014-06,ASIA,South Korea,Female,19844
2014-06,ASIA,South Korea,Not Stated,0
2014-06,ASIA,Taiwan,Male,12563
2014-06,ASIA,Taiwan,Female,13244
2014-06,ASIA,Taiwan,Not Stated,0
2014-06,ASIA,Thailand,Male,18834
2014-06,ASIA,Thailand,Female,20249
2014-06,ASIA,Thailand,Not Stated,0
2014-06,ASIA,Vietnam,Male,20725
2014-06,ASIA,Vietnam,Female,28274
2014-06,ASIA,Vietnam,Not Stated,0
2014-07,ASIA,ASEAN,Female,300606
2014-07,ASIA,ASEAN,Male,267684
2014-07,ASIA,ASEAN,Not Stated,4
2014-07,ASIA,China,Male,79237
2014-07,ASIA,China,Female,101416
2014-07,ASIA,China,Not Stated,0
2014-07,ASIA,Hong Kong SAR,Male,39770
2014-07,ASIA,Hong Kong SAR,Female,41038
2014-07,ASIA,Hong Kong SAR,Not Stated,0
2014-07,ASIA,India,Male,47893
2014-07,ASIA,India,Female,24831
2014-07,ASIA,India,Not Stated,0
2014-07,ASIA,Indonesia,Female,155480
2014-07,ASIA,Indonesia,Male,141400
2014-07,ASIA,Indonesia,Not Stated,0
2014-07,ASIA,Japan,Male,39862
2014-07,ASIA,Japan,Female,29557
2014-07,ASIA,Japan,Not Stated,0
2014-07,ASIA,Malaysia,Male,53268
2014-07,ASIA,Malaysia,Female,48193
2014-07,ASIA,Malaysia,Not Stated,0
2014-07,ASIA,Philippines,Male,20451
2014-07,ASIA,Philippines,Female,29055
2014-07,ASIA,Philippines,Not Stated,0
2014-07,ASIA,South Korea,Male,21110
2014-07,ASIA,South Korea,Female,25556
2014-07,ASIA,South Korea,Not Stated,0
2014-07,ASIA,Taiwan,Male,20435
2014-07,ASIA,Taiwan,Female,23794
2014-07,ASIA,Taiwan,Not Stated,0
2014-07,ASIA,Thailand,Male,19449
2014-07,ASIA,Thailand,Female,24336
2014-07,ASIA,Thailand,Not Stated,0
2014-07,ASIA,Vietnam,Male,23454
2014-07,ASIA,Vietnam,Female,32497
2014-07,ASIA,Vietnam,Not Stated,0
2014-08,ASIA,ASEAN,Female,247987
2014-08,ASIA,ASEAN,Male,232278
2014-08,ASIA,ASEAN,Not Stated,0
2014-08,ASIA,China,Male,77154
2014-08,ASIA,China,Female,96996
2014-08,ASIA,China,Not Stated,0
2014-08,ASIA,Hong Kong SAR,Male,42929
2014-08,ASIA,Hong Kong SAR,Female,44243
2014-08,ASIA,Hong Kong SAR,Not Stated,1
2014-08,ASIA,India,Male,47124
2014-08,ASIA,India,Female,22835
2014-08,ASIA,India,Not Stated,1
2014-08,ASIA,Indonesia,Female,119698
2014-08,ASIA,Indonesia,Male,115012
2014-08,ASIA,Indonesia,Not Stated,0
2014-08,ASIA,Japan,Male,49091
2014-08,ASIA,Japan,Female,46157
2014-08,ASIA,Japan,Not Stated,0
2014-08,ASIA,Malaysia,Male,50205
2014-08,ASIA,Malaysia,Female,43017
2014-08,ASIA,Malaysia,Not Stated,0
2014-08,ASIA,Philippines,Male,21160
2014-08,ASIA,Philippines,Female,29914
2014-08,ASIA,Philippines,Not Stated,0
2014-08,ASIA,South Korea,Male,25386
2014-08,ASIA,South Korea,Female,31237
2014-08,ASIA,South Korea,Not Stated,0
2014-08,ASIA,Taiwan,Male,18153
2014-08,ASIA,Taiwan,Female,20269
2014-08,ASIA,Taiwan,Not Stated,0
2014-08,ASIA,Thailand,Male,18708
2014-08,ASIA,Thailand,Female,22141
2014-08,ASIA,Thailand,Not Stated,0
2014-08,ASIA,Vietnam,Male,18043
2014-08,ASIA,Vietnam,Female,23732
2014-08,ASIA,Vietnam,Not Stated,0
2014-09,ASIA,ASEAN,Female,223350
2014-09,ASIA,ASEAN,Male,212977
2014-09,ASIA,ASEAN,Not Stated,0
2014-09,ASIA,China,Male,50524
2014-09,ASIA,China,Female,55256
2014-09,ASIA,Hong Kong SAR,Male,21159
2014-09,ASIA,Hong Kong SAR,Female,18772
2014-09,ASIA,India,Male,44249
2014-09,ASIA,India,Female,21502
2014-09,ASIA,India,Not Stated,0
2014-09,ASIA,Indonesia,Female,105123
2014-09,ASIA,Indonesia,Male,101470
2014-09,ASIA,Indonesia,Not Stated,0
2014-09,ASIA,Japan,Male,41499
2014-09,ASIA,Japan,Female,32909
2014-09,ASIA,Japan,Not Stated,0
2014-09,ASIA,Malaysia,Male,52879
2014-09,ASIA,Malaysia,Female,46460
2014-09,ASIA,Malaysia,Not Stated,0
2014-09,ASIA,Philippines,Male,19940
2014-09,ASIA,Philippines,Female,27306
2014-09,ASIA,Philippines,Not Stated,0
2014-09,ASIA,South Korea,Male,17444
2014-09,ASIA,South Korea,Female,21832
2014-09,ASIA,Taiwan,Male,12297
2014-09,ASIA,Taiwan,Female,13076
2014-09,ASIA,Taiwan,Not Stated,0
2014-09,ASIA,Thailand,Male,17076
2014-09,ASIA,Thailand,Female,18046
2014-09,ASIA,Thailand,Not Stated,0
2014-09,ASIA,Vietnam,Male,11963
2014-09,ASIA,Vietnam,Female,16997
2014-10,ASIA,ASEAN,Female,251106
2014-10,ASIA,ASEAN,Male,233933
2014-10,ASIA,ASEAN,Not Stated,0
2014-10,ASIA,China,Male,61099
2014-10,ASIA,China,Female,72894
2014-10,ASIA,China,Not Stated,0
2014-10,ASIA,Hong Kong SAR,Male,20942
2014-10,ASIA,Hong Kong SAR,Female,19204
2014-10,ASIA,India,Male,54504
2014-10,ASIA,India,Female,34351
2014-10,ASIA,India,Not Stated,0
2014-10,ASIA,Indonesia,Female,116204
2014-10,ASIA,Indonesia,Male,110426
2014-10,ASIA,Indonesia,Not Stated,0
2014-10,ASIA,Japan,Male,39459
2014-10,ASIA,Japan,Female,29150
2014-10,ASIA,Japan,Not Stated,0
2014-10,ASIA,Malaysia,Male,51663
2014-10,ASIA,Malaysia,Female,45521
2014-10,ASIA,Malaysia,Not Stated,0
2014-10,ASIA,Philippines,Male,25252
2014-10,ASIA,Philippines,Female,33320
2014-10,ASIA,Philippines,Not Stated,0
2014-10,ASIA,South Korea,Male,20009
2014-10,ASIA,South Korea,Female,24801
2014-10,ASIA,South Korea,Not Stated,0
2014-10,ASIA,Taiwan,Male,11427
2014-10,ASIA,Taiwan,Female,12770
2014-10,ASIA,Thailand,Male,24508
2014-10,ASIA,Thailand,Female,29408
2014-10,ASIA,Vietnam,Male,13001
2014-10,ASIA,Vietnam,Female,17551
2014-11,ASIA,ASEAN,Female,237797
2014-11,ASIA,ASEAN,Male,225361
2014-11,ASIA,ASEAN,Not Stated,1
2014-11,ASIA,China,Male,60374
2014-11,ASIA,China,Female,71356
2014-11,ASIA,China,Not Stated,1
2014-11,ASIA,Hong Kong SAR,Male,20520
2014-11,ASIA,Hong Kong SAR,Female,18499
2014-11,ASIA,India,Male,48982
2014-11,ASIA,India,Female,22573
2014-11,ASIA,India,Not Stated,0
2014-11,ASIA,Indonesia,Female,111612
2014-11,ASIA,Indonesia,Male,107757
2014-11,ASIA,Japan,Male,42702
2014-11,ASIA,Japan,Female,26713
2014-11,ASIA,Malaysia,Male,55647
2014-11,ASIA,Malaysia,Female,50666
2014-11,ASIA,Philippines,Male,22867
2014-11,ASIA,Philippines,Female,30641
2014-11,ASIA,Philippines,Not Stated,0
2014-11,ASIA,South Korea,Male,19728
2014-11,ASIA,South Korea,Female,20502
2014-11,ASIA,Taiwan,Male,10798
2014-11,ASIA,Taiwan,Female,10442
2014-11,ASIA,Thailand,Male,16853
2014-11,ASIA,Thailand,Female,18285
2014-11,ASIA,Vietnam,Male,12821
2014-11,ASIA,Vietnam,Female,17116
2014-11,ASIA,Vietnam,Not Stated,1
2014-12,ASIA,ASEAN,Female,329595
2014-12,ASIA,ASEAN,Male,289602
2014-12,ASIA,ASEAN,Not Stated,1
2014-12,ASIA,China,Male,56025
2014-12,ASIA,China,Female,68590
2014-12,ASIA,Hong Kong SAR,Male,23020
2014-12,ASIA,Hong Kong SAR,Female,22649
2014-12,ASIA,India,Male,48982
2014-12,ASIA,India,Female,33537
2014-12,ASIA,India,Not Stated,1
2014-12,ASIA,Indonesia,Female,166312
2014-12,ASIA,Indonesia,Male,149082
2014-12,ASIA,Indonesia,Not Stated,1
2014-12,ASIA,Japan,Male,40499
2014-12,ASIA,Japan,Female,31421
2014-12,ASIA,Malaysia,Male,68773
2014-12,ASIA,Malaysia,Female,74503
2014-12,ASIA,Philippines,Male,28387
2014-12,ASIA,Philippines,Female,36139
2014-12,ASIA,South Korea,Male,19196
2014-12,ASIA,South Korea,Female,21722
2014-12,ASIA,Taiwan,Male,9089
2014-12,ASIA,Taiwan,Female,9488
2014-12,ASIA,Thailand,Male,17868
2014-12,ASIA,Thailand,Female,21167
2014-12,ASIA,Vietnam,Male,13274
2014-12,ASIA,Vietnam,Female,17911
2014-12,ASIA,Vietnam,Not Stated,0
2015-01,ASIA,ASEAN,Female,230300
2015-01,ASIA,ASEAN,Male,217832
2015-01,ASIA,ASEAN,Not Stated,1
2015-01,ASIA,China,Male,63817
2015-01,ASIA,China,Female,76731
2015-01,ASIA,Hong Kong SAR,Male,17425
2015-01,ASIA,Hong Kong SAR,Female,16587
2015-01,ASIA,India,Male,47219
2015-01,ASIA,India,Female,26386
2015-01,ASIA,Indonesia,Female,121327
2015-01,ASIA,Indonesia,Male,114968
2015-01,ASIA,Japan,Male,33618
2015-01,ASIA,Japan,Female,24861
2015-01,ASIA,Malaysia,Male,46170
2015-01,ASIA,Malaysia,Female,40022
2015-01,ASIA,Malaysia,Not Stated,1
2015-01,ASIA,Philippines,Male,18907
2015-01,ASIA,Philippines,Female,23932
2015-01,ASIA,South Korea,Male,31980
2015-01,ASIA,South Korea,Female,39840
2015-01,ASIA,Taiwan,Male,14671
2015-01,ASIA,Taiwan,Female,16014
2015-01,ASIA,Thailand,Male,17102
2015-01,ASIA,Thailand,Female,19696
2015-01,ASIA,Vietnam,Male,12309
2015-01,ASIA,Vietnam,Female,16323
2015-02,ASIA,ASEAN,Female,196618
2015-02,ASIA,ASEAN,Male,183771
2015-02,ASIA,China,Male,105271
2015-02,ASIA,China,Female,132740
2015-02,ASIA,Hong Kong SAR,Male,24047
2015-02,ASIA,Hong Kong SAR,Female,22938
2015-02,ASIA,India,Male,38279
2015-02,ASIA,India,Female,21737
2015-02,ASIA,Indonesia,Female,94707
2015-02,ASIA,Indonesia,Male,89476
2015-02,ASIA,Japan,Male,35082
2015-02,ASIA,Japan,Female,27340
2015-02,ASIA,Malaysia,Male,43784
2015-02,ASIA,Malaysia,Female,38624
2015-02,ASIA,Philippines,Male,17472
2015-02,ASIA,Philippines,Female,23683
2015-02,ASIA,South Korea,Male,23001
2015-02,ASIA,South Korea,Female,28414
2015-02,ASIA,Taiwan,Male,18641
2015-02,ASIA,Taiwan,Female,21418
2015-02,ASIA,Thailand,Male,13713
2015-02,ASIA,Thailand,Female,16176
2015-02,ASIA,Vietnam,Male,12166
2015-02,ASIA,Vietnam,Female,15984
2015-03,ASIA,ASEAN,Female,238518
2015-03,ASIA,ASEAN,Male,223478
2015-03,ASIA,ASEAN,Not Stated,3
2015-03,ASIA,China,Male,62130
2015-03,ASIA,China,Female,68697
2015-03,ASIA,Hong Kong SAR,Male,22058
2015-03,ASIA,Hong Kong SAR,Female,19745
2015-03,ASIA,India,Male,46683
2015-03,ASIA,India,Female,23619
2015-03,ASIA,Indonesia,Female,108728
2015-03,ASIA,Indonesia,Male,102618
2015-03,ASIA,Indonesia,Not Stated,1
2015-03,ASIA,Japan,Male,45814
2015-03,ASIA,Japan,Female,34127
2015-03,ASIA,Malaysia,Male,53589
2015-03,ASIA,Malaysia,Female,48340
2015-03,ASIA,Philippines,Male,23178
2015-03,ASIA,Philippines,Female,30471
2015-03,ASIA,South Korea,Male,18808
2015-03,ASIA,South Korea,Female,24064
2015-03,ASIA,Taiwan,Male,12077
2015-03,ASIA,Taiwan,Female,12617
2015-03,ASIA,Thailand,Male,20531
2015-03,ASIA,Thailand,Female,22973
2015-03,ASIA,Vietnam,Male,13621
2015-03,ASIA,Vietnam,Female,17286
2015-04,ASIA,ASEAN,Female,249514
2015-04,ASIA,ASEAN,Male,228699
2015-04,ASIA,ASEAN,Not Stated,0
2015-04,ASIA,China,Male,67616
2015-04,ASIA,China,Female,86168
2015-04,ASIA,Hong Kong SAR,Male,29759
2015-04,ASIA,Hong Kong SAR,Female,29200
2015-04,ASIA,India,Male,51339
2015-04,ASIA,India,Female,32702
2015-04,ASIA,Indonesia,Female,106413
2015-04,ASIA,Indonesia,Male,100725
2015-04,ASIA,Japan,Male,29343
2015-04,ASIA,Japan,Female,17344
2015-04,ASIA,Malaysia,Male,48548
2015-04,ASIA,Malaysia,Female,41967
2015-04,ASIA,Malaysia,Not Stated,0
2015-04,ASIA,Philippines,Male,30726
2015-04,ASIA,Philippines,Female,41533
2015-04,ASIA,South Korea,Male,18373
2015-04,ASIA,South Korea,Female,23229
2015-04,ASIA,Taiwan,Male,13447
2015-04,ASIA,Taiwan,Female,15782
2015-04,ASIA,Thailand,Male,21439
2015-04,ASIA,Thailand,Female,26399
2015-04,ASIA,Vietnam,Male,16011
2015-04,ASIA,Vietnam,Female,20461
2015-05,ASIA,ASEAN,Female,269348
2015-05,ASIA,ASEAN,Male,242726
2015-05,ASIA,China,Male,63226
2015-05,ASIA,China,Female,78149
2015-05,ASIA,Hong Kong SAR,Male,23241
2015-05,ASIA,Hong Kong SAR,Female,22501
2015-05,ASIA,India,Male,73873
2015-05,ASIA,India,Female,56637
2015-05,ASIA,India,Not Stated,1
2015-05,ASIA,Indonesia,Female,124921
2015-05,ASIA,Indonesia,Male,113767
2015-05,ASIA,Japan,Male,32795
2015-05,ASIA,Japan,Female,20176
2015-05,ASIA,Malaysia,Male,52581
2015-05,ASIA,Malaysia,Female,47759
2015-05,ASIA,Philippines,Male,30174
2015-05,ASIA,Philippines,Female,41985
2015-05,ASIA,South Korea,Male,19975
2015-05,ASIA,South Korea,Female,23908
2015-05,ASIA,Taiwan,Male,12088
2015-05,ASIA,Taiwan,Female,13410
2015-05,ASIA,Thailand,Male,20978
2015-05,ASIA,Thailand,Female,24696
2015-05,ASIA,Vietnam,Male,15886
2015-05,ASIA,Vietnam,Female,20088
2015-06,ASIA,ASEAN,Female,255991
2015-06,ASIA,ASEAN,Male,240401
2015-06,ASIA,China,Male,62778
2015-06,ASIA,China,Female,81755
2015-06,ASIA,Hong Kong SAR,Male,22938
2015-06,ASIA,Hong Kong SAR,Female,22515
2015-06,ASIA,India,Male,61038
2015-06,ASIA,India,Female,40735
2015-06,ASIA,India,Not Stated,0
2015-06,ASIA,Indonesia,Female,123109
2015-06,ASIA,Indonesia,Male,115294
2015-06,ASIA,Japan,Male,33024
2015-06,ASIA,Japan,Female,20233
2015-06,ASIA,Malaysia,Male,52226
2015-06,ASIA,Malaysia,Female,47848
2015-06,ASIA,Philippines,Male,23366
2015-06,ASIA,Philippines,Female,29963
2015-06,ASIA,South Korea,Male,16987
2015-06,ASIA,South Korea,Female,20205
2015-06,ASIA,South Korea,Not Stated,1
2015-06,ASIA,Taiwan,Male,14306
2015-06,ASIA,Taiwan,Female,16259
2015-06,ASIA,Thailand,Male,19437
2015-06,ASIA,Thailand,Female,20684
2015-06,ASIA,Vietnam,Male,20585
2015-06,ASIA,Vietnam,Female,24905
2015-07,ASIA,ASEAN,Female,304388
2015-07,ASIA,ASEAN,Male,275182
2015-07,ASIA,ASEAN,Not Stated,0
2015-07,ASIA,China,Male,101662
2015-07,ASIA,China,Female,145157
2015-07,ASIA,Hong Kong SAR,Male,40598
2015-07,ASIA,Hong Kong SAR,Female,42219
2015-07,ASIA,India,Male,54048
2015-07,ASIA,India,Female,29758
2015-07,ASIA,Indonesia,Female,159461
2015-07,ASIA,Indonesia,Male,146139
2015-07,ASIA,Japan,Male,36852
2015-07,ASIA,Japan,Female,30830
2015-07,ASIA,Malaysia,Male,53922
2015-07,ASIA,Malaysia,Female,48425
2015-07,ASIA,Philippines,Male,20769
2015-07,ASIA,Philippines,Female,28955
2015-07,ASIA,South Korea,Male,21574
2015-07,ASIA,South Korea,Female,26801
2015-07,ASIA,Taiwan,Male,22828
2015-07,ASIA,Taiwan,Female,27450
2015-07,ASIA,Thailand,Male,20232
2015-07,ASIA,Thailand,Female,25497
2015-07,ASIA,Vietnam,Male,24007
2015-07,ASIA,Vietnam,Female,30704
2015-08,ASIA,ASEAN,Female,230560
2015-08,ASIA,ASEAN,Male,213577
2015-08,ASIA,China,Male,109860
2015-08,ASIA,China,Female,157262
2015-08,ASIA,Hong Kong SAR,Male,43515
2015-08,ASIA,Hong Kong SAR,Female,45921
2015-08,ASIA,Hong Kong SAR,Not Stated,0
2015-08,ASIA,India,Male,51236
2015-08,ASIA,India,Female,25901
2015-08,ASIA,India,Not Stated,0
2015-08,ASIA,Indonesia,Female,105896
2015-08,ASIA,Indonesia,Male,99775
2015-08,ASIA,Japan,Male,47243
2015-08,ASIA,Japan,Female,45550
2015-08,ASIA,Malaysia,Male,47191
2015-08,ASIA,Malaysia,Female,41643
2015-08,ASIA,Philippines,Male,22411
2015-08,ASIA,Philippines,Female,30586
2015-08,ASIA,South Korea,Male,26602
2015-08,ASIA,South Korea,Female,33866
2015-08,ASIA,Taiwan,Male,21010
2015-08,ASIA,Taiwan,Female,24282
2015-08,ASIA,Thailand,Male,17653
2015-08,ASIA,Thailand,Female,21926
2015-08,ASIA,Vietnam,Male,17985
2015-08,ASIA,Vietnam,Female,21534
2015-09,ASIA,ASEAN,Female,212876
2015-09,ASIA,ASEAN,Male,201279
2015-09,ASIA,China,Male,64128
2015-09,ASIA,China,Female,85801
2015-09,ASIA,Hong Kong SAR,Male,20593
2015-09,ASIA,Hong Kong SAR,Female,19722
2015-09,ASIA,India,Male,46102
2015-09,ASIA,India,Female,23744
2015-09,ASIA,Indonesia,Female,95769
2015-09,ASIA,Indonesia,Male,91860
2015-09,ASIA,Japan,Male,40686
2015-09,ASIA,Japan,Female,33286
2015-09,ASIA,Malaysia,Male,48807
2015-09,ASIA,Malaysia,Female,44527
2015-09,ASIA,Philippines,Male,20672
2015-09,ASIA,Philippines,Female,27537
2015-09,ASIA,South Korea,Male,18393
2015-09,ASIA,South Korea,Female,20670
2015-09,ASIA,Taiwan,Male,12961
2015-09,ASIA,Taiwan,Female,14875
2015-09,ASIA,Thailand,Male,18387
2015-09,ASIA,Thailand,Female,21180
2015-09,ASIA,Vietnam,Male,13173
2015-09,ASIA,Vietnam,Female,15109
2015-10,ASIA,ASEAN,Female,239732
2015-10,ASIA,ASEAN,Male,225320
2015-10,ASIA,China,Male,72926
2015-10,ASIA,China,Female,92723
2015-10,ASIA,Hong Kong SAR,Male,21166
2015-10,ASIA,Hong Kong SAR,Female,20106
2015-10,ASIA,India,Male,54820
2015-10,ASIA,India,Female,31829
2015-10,ASIA,Indonesia,Female,103748
2015-10,ASIA,Indonesia,Male,100826
2015-10,ASIA,Japan,Male,39337
2015-10,ASIA,Japan,Female,27079
2015-10,ASIA,Malaysia,Male,47666
2015-10,ASIA,Malaysia,Female,40672
2015-10,ASIA,Philippines,Male,25305
2015-10,ASIA,Philippines,Female,33052
2015-10,ASIA,South Korea,Male,21953
2015-10,ASIA,South Korea,Female,28629
2015-10,ASIA,Taiwan,Male,12791
2015-10,ASIA,Taiwan,Female,14734
2015-10,ASIA,Thailand,Male,27538
2015-10,ASIA,Thailand,Female,36155
2015-10,ASIA,Vietnam,Male,14433
2015-10,ASIA,Vietnam,Female,16253
2015-11,ASIA,ASEAN,Female,233887
2015-11,ASIA,ASEAN,Male,221240
2015-11,ASIA,ASEAN,Not Stated,1
2015-11,ASIA,China,Male,68953
2015-11,ASIA,China,Female,89783
2015-11,ASIA,China,Not Stated,0
2015-11,ASIA,Hong Kong SAR,Male,19652
2015-11,ASIA,Hong Kong SAR,Female,17589
2015-11,ASIA,India,Male,53774
2015-11,ASIA,India,Female,34576
2015-11,ASIA,Indonesia,Female,101935
2015-11,ASIA,Indonesia,Male,98751
2015-11,ASIA,Indonesia,Not Stated,1
2015-11,ASIA,Japan,Male,41323
2015-11,ASIA,Japan,Female,26517
2015-11,ASIA,Malaysia,Male,54843
2015-11,ASIA,Malaysia,Female,51371
2015-11,ASIA,Philippines,Male,25979
2015-11,ASIA,Philippines,Female,34604
2015-11,ASIA,South Korea,Male,20888
2015-11,ASIA,South Korea,Female,24100
2015-11,ASIA,Taiwan,Male,11777
2015-11,ASIA,Taiwan,Female,12285
2015-11,ASIA,Thailand,Male,18046
2015-11,ASIA,Thailand,Female,20530
2015-11,ASIA,Vietnam,Male,13831
2015-11,ASIA,Vietnam,Female,15453
2015-11,ASIA,Vietnam,Not Stated,0
2015-12,ASIA,ASEAN,Female,328461
2015-12,ASIA,ASEAN,Male,284451
2015-12,ASIA,ASEAN,Not Stated,1
2015-12,ASIA,China,Male,72268
2015-12,ASIA,China,Female,96563
2015-12,ASIA,Hong Kong SAR,Male,22827
2015-12,ASIA,Hong Kong SAR,Female,23026
2015-12,ASIA,India,Male,50768
2015-12,ASIA,India,Female,37182
2015-12,ASIA,India,Not Stated,0
2015-12,ASIA,Indonesia,Female,165872
2015-12,ASIA,Indonesia,Male,145602
2015-12,ASIA,Indonesia,Not Stated,1
2015-12,ASIA,Japan,Male,38244
2015-12,ASIA,Japan,Female,28475
2015-12,ASIA,Malaysia,Male,62826
2015-12,ASIA,Malaysia,Female,67725
2015-12,ASIA,Philippines,Male,29900
2015-12,ASIA,Philippines,Female,38214
2015-12,ASIA,South Korea,Male,20935
2015-12,ASIA,South Korea,Female,23886
2015-12,ASIA,Taiwan,Male,10490
2015-12,ASIA,Taiwan,Female,11813
2015-12,ASIA,Thailand,Male,20134
2015-12,ASIA,Thailand,Female,25307
2015-12,ASIA,Vietnam,Male,13371
2015-12,ASIA,Vietnam,Female,16788
2015-12,ASIA,Vietnam,Not Stated,0
2013-01,EUROPE,France,Male,7672
2013-01,EUROPE,France,Female,5126
2013-01,EUROPE,France,Not Stated,0
2013-01,EUROPE,Germany,Male,13474
2013-01,EUROPE,Germany,Female,9363
2013-01,EUROPE,Germany,Not Stated,0
2013-01,EUROPE,Netherlands,Male,4599
2013-01,EUROPE,Netherlands,Female,2554
2013-01,EUROPE,Netherlands,Not Stated,0
2013-01,EUROPE,Russian Federation,Male,6111
2013-01,EUROPE,Russian Federation,Female,6080
2013-01,EUROPE,Russian Federation,Not Stated,6
2013-01,EUROPE,Scandinavia,Female,5904
2013-01,EUROPE,Scandinavia,Male,8115
2013-01,EUROPE,Scandinavia,Not Stated,0
2013-01,EUROPE,UK,Male,24795
2013-01,EUROPE,UK,Female,18178
2013-01,EUROPE,UK,Not Stated,0
2013-02,EUROPE,France,Male,7352
2013-02,EUROPE,France,Female,5262
2013-02,EUROPE,France,Not Stated,7
2013-02,EUROPE,Germany,Male,13266
2013-02,EUROPE,Germany,Female,9782
2013-02,EUROPE,Germany,Not Stated,5
2013-02,EUROPE,Netherlands,Male,4329
2013-02,EUROPE,Netherlands,Female,2764
2013-02,EUROPE,Netherlands,Not Stated,5
2013-02,EUROPE,Russian Federation,Male,3180
2013-02,EUROPE,Russian Federation,Female,3287
2013-02,EUROPE,Russian Federation,Not Stated,15
2013-02,EUROPE,Scandinavia,Female,5449
2013-02,EUROPE,Scandinavia,Male,7158
2013-02,EUROPE,Scandinavia,Not Stated,30
2013-02,EUROPE,UK,Male,24866
2013-02,EUROPE,UK,Female,19715
2013-02,EUROPE,UK,Not Stated,8
2013-03,EUROPE,France,Male,9395
2013-03,EUROPE,France,Female,6713
2013-03,EUROPE,France,Not Stated,12
2013-03,EUROPE,Germany,Male,17748
2013-03,EUROPE,Germany,Female,13555
2013-03,EUROPE,Germany,Not Stated,4
2013-03,EUROPE,Netherlands,Male,4796
2013-03,EUROPE,Netherlands,Female,2675
2013-03,EUROPE,Netherlands,Not Stated,5
2013-03,EUROPE,Russian Federation,Male,3788
2013-03,EUROPE,Russian Federation,Female,4067
2013-03,EUROPE,Russian Federation,Not Stated,18
2013-03,EUROPE,Scandinavia,Female,5753
2013-03,EUROPE,Scandinavia,Male,8041
2013-03,EUROPE,Scandinavia,Not Stated,31
2013-03,EUROPE,UK,Male,29808
2013-03,EUROPE,UK,Female,22683
2013-03,EUROPE,UK,Not Stated,17
2013-04,EUROPE,France,Male,8088
2013-04,EUROPE,France,Female,5307
2013-04,EUROPE,France,Not Stated,8
2013-04,EUROPE,Germany,Male,11383
2013-04,EUROPE,Germany,Female,7105
2013-04,EUROPE,Germany,Not Stated,6
2013-04,EUROPE,Netherlands,Male,3784
2013-04,EUROPE,Netherlands,Female,2100
2013-04,EUROPE,Netherlands,Not Stated,7
2013-04,EUROPE,Russian Federation,Male,3150
2013-04,EUROPE,Russian Federation,Female,3340
2013-04,EUROPE,Russian Federation,Not Stated,9
2013-04,EUROPE,Scandinavia,Female,3048
2013-04,EUROPE,Scandinavia,Male,5400
2013-04,EUROPE,Scandinavia,Not Stated,17
2013-04,EUROPE,UK,Male,22546
2013-04,EUROPE,UK,Female,16049
2013-04,EUROPE,UK,Not Stated,10
2013-05,EUROPE,France,Male,7151
2013-05,EUROPE,France,Female,5273
2013-05,EUROPE,France,Not Stated,8
2013-05,EUROPE,Germany,Male,9589
2013-05,EUROPE,Germany,Female,6173
2013-05,EUROPE,Germany,Not Stated,1
2013-05,EUROPE,Netherlands,Male,3756
2013-05,EUROPE,Netherlands,Female,2152
2013-05,EUROPE,Netherlands,Not Stated,8
2013-05,EUROPE,Russian Federation,Male,2747
2013-05,EUROPE,Russian Federation,Female,2809
2013-05,EUROPE,Russian Federation,Not Stated,10
2013-05,EUROPE,Scandinavia,Female,2071
2013-05,EUROPE,Scandinavia,Male,3714
2013-05,EUROPE,Scandinavia,Not Stated,9
2013-05,EUROPE,UK,Male,17236
2013-05,EUROPE,UK,Female,10469
2013-05,EUROPE,UK,Not Stated,9
2013-06,EUROPE,France,Male,5903
2013-06,EUROPE,France,Female,3446
2013-06,EUROPE,France,Not Stated,0
2013-06,EUROPE,Germany,Male,8597
2013-06,EUROPE,Germany,Female,4856
2013-06,EUROPE,Germany,Not Stated,0
2013-06,EUROPE,Netherlands,Male,3796
2013-06,EUROPE,Netherlands,Female,1865
2013-06,EUROPE,Netherlands,Not Stated,0
2013-06,EUROPE,Russian Federation,Male,2094
2013-06,EUROPE,Russian Federation,Female,2169
2013-06,EUROPE,Russian Federation,Not Stated,1
2013-06,EUROPE,Scandinavia,Female,2501
2013-06,EUROPE,Scandinavia,Male,4069
2013-06,EUROPE,Scandinavia,Not Stated,1
2013-06,EUROPE,UK,Male,18156
2013-06,EUROPE,UK,Female,10697
2013-06,EUROPE,UK,Not Stated,2
2013-07,EUROPE,France,Male,8660
2013-07,EUROPE,France,Female,6805
2013-07,EUROPE,France,Not Stated,1
2013-07,EUROPE,Germany,Male,10870
2013-07,EUROPE,Germany,Female,7392
2013-07,EUROPE,Germany,Not Stated,0
2013-07,EUROPE,Netherlands,Male,5636
2013-07,EUROPE,Netherlands,Female,3955
2013-07,EUROPE,Netherlands,Not Stated,0
2013-07,EUROPE,Russian Federation,Male,2261
2013-07,EUROPE,Russian Federation,Female,2523
2013-07,EUROPE,Russian Federation,Not Stated,0
2013-07,EUROPE,Scandinavia,Female,4385
2013-07,EUROPE,Scandinavia,Male,5498
2013-07,EUROPE,Scandinavia,Not Stated,0
2013-07,EUROPE,UK,Male,20686
2013-07,EUROPE,UK,Female,14654
2013-07,EUROPE,UK,Not Stated,0
2013-08,EUROPE,France,Male,11751
2013-08,EUROPE,France,Female,10124
2013-08,EUROPE,France,Not Stated,1
2013-08,EUROPE,Germany,Male,12407
2013-08,EUROPE,Germany,Female,9858
2013-08,EUROPE,Netherlands,Male,4951
2013-08,EUROPE,Netherlands,Female,3617
2013-08,EUROPE,Russian Federation,Male,2445
2013-08,EUROPE,Russian Federation,Female,2737
2013-08,EUROPE,Russian Federation,Not Stated,2
2013-08,EUROPE,Scandinavia,Female,2444
2013-08,EUROPE,Scandinavia,Male,3873
2013-08,EUROPE,UK,Male,21940
2013-08,EUROPE,UK,Female,17585
2013-08,EUROPE,UK,Not Stated,0
2013-09,EUROPE,France,Male,6632
2013-09,EUROPE,France,Female,3875
2013-09,EUROPE,France,Not Stated,1
2013-09,EUROPE,Germany,Male,12709
2013-09,EUROPE,Germany,Female,8301
2013-09,EUROPE,Germany,Not Stated,2
2013-09,EUROPE,Netherlands,Male,4246
2013-09,EUROPE,Netherlands,Female,2026
2013-09,EUROPE,Netherlands,Not Stated,0
2013-09,EUROPE,Russian Federation,Male,2410
2013-09,EUROPE,Russian Federation,Female,2312
2013-09,EUROPE,Russian Federation,Not Stated,4
2013-09,EUROPE,Scandinavia,Female,1810
2013-09,EUROPE,Scandinavia,Male,4356
2013-09,EUROPE,UK,Male,23171
2013-09,EUROPE,UK,Female,13353
2013-09,EUROPE,UK,Not Stated,1
2013-10,EUROPE,France,Male,7409
2013-10,EUROPE,France,Female,4975
2013-10,EUROPE,France,Not Stated,0
2013-10,EUROPE,Germany,Male,12974
2013-10,EUROPE,Germany,Female,8783
2013-10,EUROPE,Germany,Not Stated,2
2013-10,EUROPE,Netherlands,Male,4267
2013-10,EUROPE,Netherlands,Female,2465
2013-10,EUROPE,Netherlands,Not Stated,0
2013-10,EUROPE,Russian Federation,Male,3274
2013-10,EUROPE,Russian Federation,Female,3474
2013-10,EUROPE,Russian Federation,Not Stated,0
2013-10,EUROPE,Scandinavia,Female,3503
2013-10,EUROPE,Scandinavia,Male,5630
2013-10,EUROPE,Scandinavia,Not Stated,0
2013-10,EUROPE,UK,Male,21622
2013-10,EUROPE,UK,Female,14856
2013-10,EUROPE,UK,Not Stated,1
2013-11,EUROPE,France,Male,6980
2013-11,EUROPE,France,Female,4379
2013-11,EUROPE,France,Not Stated,0
2013-11,EUROPE,Germany,Male,13205
2013-11,EUROPE,Germany,Female,8008
2013-11,EUROPE,Germany,Not Stated,0
2013-11,EUROPE,Netherlands,Male,4357
2013-11,EUROPE,Netherlands,Female,2211
2013-11,EUROPE,Netherlands,Not Stated,0
2013-11,EUROPE,Russian Federation,Male,4122
2013-11,EUROPE,Russian Federation,Female,4254
2013-11,EUROPE,Russian Federation,Not Stated,0
2013-11,EUROPE,Scandinavia,Female,3316
2013-11,EUROPE,Scandinavia,Male,5743
2013-11,EUROPE,UK,Male,23535
2013-11,EUROPE,UK,Female,15828
2013-11,EUROPE,UK,Not Stated,0
2013-12,EUROPE,France,Male,6824
2013-12,EUROPE,France,Female,4873
2013-12,EUROPE,Germany,Male,12719
2013-12,EUROPE,Germany,Female,9423
2013-12,EUROPE,Germany,Not Stated,0
2013-12,EUROPE,Netherlands,Male,3718
2013-12,EUROPE,Netherlands,Female,2282
2013-12,EUROPE,Russian Federation,Male,4654
2013-12,EUROPE,Russian Federation,Female,4781
2013-12,EUROPE,Russian Federation,Not Stated,0
2013-12,EUROPE,Scandinavia,Female,4860
2013-12,EUROPE,Scandinavia,Male,6374
2013-12,EUROPE,UK,Male,21988
2013-12,EUROPE,UK,Female,16995
2013-12,EUROPE,UK,Not Stated,0
2014-01,EUROPE,France,Male,7046
2014-01,EUROPE,France,Female,4920
2014-01,EUROPE,Germany,Male,14336
2014-01,EUROPE,Germany,Female,10840
2014-01,EUROPE,Germany,Not Stated,0
2014-01,EUROPE,Netherlands,Male,4855
2014-01,EUROPE,Netherlands,Female,2785
2014-01,EUROPE,Russian Federation,Male,7707
2014-01,EUROPE,Russian Federation,Female,8063
2014-01,EUROPE,Russian Federation,Not Stated,0
2014-01,EUROPE,Scandinavia,Female,5842
2014-01,EUROPE,Scandinavia,Male,8220
2014-01,EUROPE,UK,Male,24093
2014-01,EUROPE,UK,Female,18240
2014-02,EUROPE,France,Male,8321
2014-02,EUROPE,France,Female,5859
2014-02,EUROPE,France,Not Stated,0
2014-02,EUROPE,Germany,Male,14953
2014-02,EUROPE,Germany,Female,10469
2014-02,EUROPE,Germany,Not Stated,0
2014-02,EUROPE,Netherlands,Male,4656
2014-02,EUROPE,Netherlands,Female,2802
2014-02,EUROPE,Netherlands,Not Stated,0
2014-02,EUROPE,Russian Federation,Male,4410
2014-02,EUROPE,Russian Federation,Female,4744
2014-02,EUROPE,Russian Federation,Not Stated,0
2014-02,EUROPE,Scandinavia,Female,5450
2014-02,EUROPE,Scandinavia,Male,7215
2014-02,EUROPE,Scandinavia,Not Stated,0
2014-02,EUROPE,UK,Male,25165
2014-02,EUROPE,UK,Female,18825
2014-02,EUROPE,UK,Not Stated,0
2014-03,EUROPE,France,Male,9223
2014-03,EUROPE,France,Female,6512
2014-03,EUROPE,France,Not Stated,0
2014-03,EUROPE,Germany,Male,17665
2014-03,EUROPE,Germany,Female,13141
2014-03,EUROPE,Germany,Not Stated,0
2014-03,EUROPE,Netherlands,Male,5024
2014-03,EUROPE,Netherlands,Female,2945
2014-03,EUROPE,Netherlands,Not Stated,0
2014-03,EUROPE,Russian Federation,Male,4444
2014-03,EUROPE,Russian Federation,Female,5119
2014-03,EUROPE,Russian Federation,Not Stated,0
2014-03,EUROPE,Scandinavia,Female,4437
2014-03,EUROPE,Scandinavia,Male,7015
2014-03,EUROPE,Scandinavia,Not Stated,0
2014-03,EUROPE,UK,Male,28367
2014-03,EUROPE,UK,Female,21086
2014-03,EUROPE,UK,Not Stated,0
2014-04,EUROPE,France,Male,8083
2014-04,EUROPE,France,Female,5560
2014-04,EUROPE,France,Not Stated,0
2014-04,EUROPE,Germany,Male,12761
2014-04,EUROPE,Germany,Female,9364
2014-04,EUROPE,Germany,Not Stated,0
2014-04,EUROPE,Netherlands,Male,4035
2014-04,EUROPE,Netherlands,Female,2482
2014-04,EUROPE,Netherlands,Not Stated,0
2014-04,EUROPE,Russian Federation,Male,3312
2014-04,EUROPE,Russian Federation,Female,3684
2014-04,EUROPE,Russian Federation,Not Stated,0
2014-04,EUROPE,Scandinavia,Female,4235
2014-04,EUROPE,Scandinavia,Male,6028
2014-04,EUROPE,Scandinavia,Not Stated,0
2014-04,EUROPE,UK,Male,24399
2014-04,EUROPE,UK,Female,19305
2014-04,EUROPE,UK,Not Stated,0
2014-05,EUROPE,France,Male,7122
2014-05,EUROPE,France,Female,4858
2014-05,EUROPE,France,Not Stated,0
2014-05,EUROPE,Germany,Male,9663
2014-05,EUROPE,Germany,Female,5762
2014-05,EUROPE,Germany,Not Stated,0
2014-05,EUROPE,Netherlands,Male,3883
2014-05,EUROPE,Netherlands,Female,2005
2014-05,EUROPE,Netherlands,Not Stated,0
2014-05,EUROPE,Russian Federation,Male,2856
2014-05,EUROPE,Russian Federation,Female,2890
2014-05,EUROPE,Russian Federation,Not Stated,0
2014-05,EUROPE,Scandinavia,Female,1969
2014-05,EUROPE,Scandinavia,Male,3926
2014-05,EUROPE,Scandinavia,Not Stated,0
2014-05,EUROPE,UK,Male,17099
2014-05,EUROPE,UK,Female,10562
2014-05,EUROPE,UK,Not Stated,0
2014-06,EUROPE,France,Male,5774
2014-06,EUROPE,France,Female,3514
2014-06,EUROPE,France,Not Stated,0
2014-06,EUROPE,Germany,Male,8281
2014-06,EUROPE,Germany,Female,4989
2014-06,EUROPE,Netherlands,Male,3291
2014-06,EUROPE,Netherlands,Female,1671
2014-06,EUROPE,Russian Federation,Male,2363
2014-06,EUROPE,Russian Federation,Female,2511
2014-06,EUROPE,Russian Federation,Not Stated,0
2014-06,EUROPE,Scandinavia,Female,2061
2014-06,EUROPE,Scandinavia,Male,3845
2014-06,EUROPE,Scandinavia,Not Stated,0
2014-06,EUROPE,UK,Male,15724
2014-06,EUROPE,UK,Female,9402
2014-06,EUROPE,UK,Not Stated,0
2014-07,EUROPE,France,Male,7988
2014-07,EUROPE,France,Female,6416
2014-07,EUROPE,France,Not Stated,1
2014-07,EUROPE,Germany,Male,10029
2014-07,EUROPE,Germany,Female,6985
2014-07,EUROPE,Netherlands,Male,4613
2014-07,EUROPE,Netherlands,Female,3476
2014-07,EUROPE,Russian Federation,Male,2472
2014-07,EUROPE,Russian Federation,Female,2808
2014-07,EUROPE,Scandinavia,Female,4107
2014-07,EUROPE,Scandinavia,Male,5230
2014-07,EUROPE,UK,Male,18115
2014-07,EUROPE,UK,Female,13931
2014-07,EUROPE,UK,Not Stated,0
2014-08,EUROPE,France,Male,10787
2014-08,EUROPE,France,Female,9754
2014-08,EUROPE,France,Not Stated,0
2014-08,EUROPE,Germany,Male,13390
2014-08,EUROPE,Germany,Female,11154
2014-08,EUROPE,Netherlands,Male,4961
2014-08,EUROPE,Netherlands,Female,3580
2014-08,EUROPE,Russian Federation,Male,2885
2014-08,EUROPE,Russian Federation,Female,3244
2014-08,EUROPE,Russian Federation,Not Stated,0
2014-08,EUROPE,Scandinavia,Female,2233
2014-08,EUROPE,Scandinavia,Male,3700
2014-08,EUROPE,UK,Male,21346
2014-08,EUROPE,UK,Female,16996
2014-09,EUROPE,France,Male,6565
2014-09,EUROPE,France,Female,3758
2014-09,EUROPE,France,Not Stated,0
2014-09,EUROPE,Germany,Male,13132
2014-09,EUROPE,Germany,Female,9024
2014-09,EUROPE,Germany,Not Stated,0
2014-09,EUROPE,Netherlands,Male,4051
2014-09,EUROPE,Netherlands,Female,1976
2014-09,EUROPE,Russian Federation,Male,2727
2014-09,EUROPE,Russian Federation,Female,2657
2014-09,EUROPE,Russian Federation,Not Stated,0
2014-09,EUROPE,Scandinavia,Female,1875
2014-09,EUROPE,Scandinavia,Male,4490
2014-09,EUROPE,UK,Male,22642
2014-09,EUROPE,UK,Female,13329
2014-09,EUROPE,UK,Not Stated,0
2014-10,EUROPE,France,Male,7379
2014-10,EUROPE,France,Female,4972
2014-10,EUROPE,Germany,Male,12839
2014-10,EUROPE,Germany,Female,9066
2014-10,EUROPE,Germany,Not Stated,0
2014-10,EUROPE,Netherlands,Male,3826
2014-10,EUROPE,Netherlands,Female,2225
2014-10,EUROPE,Russian Federation,Male,3177
2014-10,EUROPE,Russian Federation,Female,3330
2014-10,EUROPE,Scandinavia,Female,3224
2014-10,EUROPE,Scandinavia,Male,5189
2014-10,EUROPE,UK,Male,21678
2014-10,EUROPE,UK,Female,15293
2014-10,EUROPE,UK,Not Stated,0
2014-11,EUROPE,France,Male,7151
2014-11,EUROPE,France,Female,4611
2014-11,EUROPE,Germany,Male,13315
2014-11,EUROPE,Germany,Female,8199
2014-11,EUROPE,Netherlands,Male,4331
2014-11,EUROPE,Netherlands,Female,2116
2014-11,EUROPE,Russian Federation,Male,3525
2014-11,EUROPE,Russian Federation,Female,3721
2014-11,EUROPE,Scandinavia,Female,3078
2014-11,EUROPE,Scandinavia,Male,5481
2014-11,EUROPE,UK,Male,22758
2014-11,EUROPE,UK,Female,15151
2014-12,EUROPE,France,Male,6150
2014-12,EUROPE,France,Female,4558
2014-12,EUROPE,Germany,Male,14150
2014-12,EUROPE,Germany,Female,10006
2014-12,EUROPE,Netherlands,Male,3795
2014-12,EUROPE,Netherlands,Female,2427
2014-12,EUROPE,Russian Federation,Male,3878
2014-12,EUROPE,Russian Federation,Female,4126
2014-12,EUROPE,Scandinavia,Female,4583
2014-12,EUROPE,Scandinavia,Male,6023
2014-12,EUROPE,UK,Male,21353
2014-12,EUROPE,UK,Female,17072
2015-01,EUROPE,France,Male,6805
2015-01,EUROPE,France,Female,4480
2015-01,EUROPE,Germany,Male,14348
2015-01,EUROPE,Germany,Female,10181
2015-01,EUROPE,Netherlands,Male,4016
2015-01,EUROPE,Netherlands,Female,2389
2015-01,EUROPE,Russian Federation,Male,6067
2015-01,EUROPE,Russian Federation,Female,6583
2015-01,EUROPE,Scandinavia,Female,5340
2015-01,EUROPE,Scandinavia,Male,7254
2015-01,EUROPE,UK,Male,25138
2015-01,EUROPE,UK,Female,19771
2015-02,EUROPE,France,Male,7608
2015-02,EUROPE,France,Female,5982
2015-02,EUROPE,Germany,Male,14010
2015-02,EUROPE,Germany,Female,10927
2015-02,EUROPE,Netherlands,Male,4129
2015-02,EUROPE,Netherlands,Female,2549
2015-02,EUROPE,Russian Federation,Male,2356
2015-02,EUROPE,Russian Federation,Female,2505
2015-02,EUROPE,Scandinavia,Female,4719
2015-02,EUROPE,Scandinavia,Male,6594
2015-02,EUROPE,UK,Male,25699
2015-02,EUROPE,UK,Female,21347
2015-03,EUROPE,France,Male,7662
2015-03,EUROPE,France,Female,5127
2015-03,EUROPE,Germany,Male,17869
2015-03,EUROPE,Germany,Female,13599
2015-03,EUROPE,Netherlands,Male,4629
2015-03,EUROPE,Netherlands,Female,2498
2015-03,EUROPE,Russian Federation,Male,2553
2015-03,EUROPE,Russian Federation,Female,2601
2015-03,EUROPE,Scandinavia,Female,4568
2015-03,EUROPE,Scandinavia,Male,6497
2015-03,EUROPE,UK,Male,28995
2015-03,EUROPE,UK,Female,21734
2015-04,EUROPE,France,Male,7588
2015-04,EUROPE,France,Female,5547
2015-04,EUROPE,Germany,Male,11895
2015-04,EUROPE,Germany,Female,8191
2015-04,EUROPE,Netherlands,Male,3777
2015-04,EUROPE,Netherlands,Female,2212
2015-04,EUROPE,Russian Federation,Male,2077
2015-04,EUROPE,Russian Federation,Female,2294
2015-04,EUROPE,Scandinavia,Female,3196
2015-04,EUROPE,Scandinavia,Male,4895
2015-04,EUROPE,UK,Male,22520
2015-04,EUROPE,UK,Female,17288
2015-05,EUROPE,France,Male,6987
2015-05,EUROPE,France,Female,4699
2015-05,EUROPE,Germany,Male,9827
2015-05,EUROPE,Germany,Female,6439
2015-05,EUROPE,Netherlands,Male,3627
2015-05,EUROPE,Netherlands,Female,2170
2015-05,EUROPE,Russian Federation,Male,2266
2015-05,EUROPE,Russian Federation,Female,2257
2015-05,EUROPE,Scandinavia,Female,1793
2015-05,EUROPE,Scandinavia,Male,3331
2015-05,EUROPE,UK,Male,17132
2015-05,EUROPE,UK,Female,10981
2015-06,EUROPE,France,Male,5649
2015-06,EUROPE,France,Female,3320
2015-06,EUROPE,Germany,Male,8513
2015-06,EUROPE,Germany,Female,5147
2015-06,EUROPE,Netherlands,Male,3110
2015-06,EUROPE,Netherlands,Female,1443
2015-06,EUROPE,Russian Federation,Male,1815
2015-06,EUROPE,Russian Federation,Female,1829
2015-06,EUROPE,Scandinavia,Female,2156
2015-06,EUROPE,Scandinavia,Male,3830
2015-06,EUROPE,UK,Male,15671
2015-06,EUROPE,UK,Female,9862
2015-07,EUROPE,France,Male,9212
2015-07,EUROPE,France,Female,7714
2015-07,EUROPE,France,Not Stated,0
2015-07,EUROPE,Germany,Male,11008
2015-07,EUROPE,Germany,Female,7807
2015-07,EUROPE,Netherlands,Male,5332
2015-07,EUROPE,Netherlands,Female,4032
2015-07,EUROPE,Russian Federation,Male,1913
2015-07,EUROPE,Russian Federation,Female,2158
2015-07,EUROPE,Scandinavia,Female,4644
2015-07,EUROPE,Scandinavia,Male,5927
2015-07,EUROPE,UK,Male,20657
2015-07,EUROPE,UK,Female,15971
2015-08,EUROPE,France,Male,11785
2015-08,EUROPE,France,Female,10456
2015-08,EUROPE,Germany,Male,14585
2015-08,EUROPE,Germany,Female,12199
2015-08,EUROPE,Netherlands,Male,4684
2015-08,EUROPE,Netherlands,Female,3356
2015-08,EUROPE,Russian Federation,Male,2241
2015-08,EUROPE,Russian Federation,Female,2377
2015-08,EUROPE,Scandinavia,Female,2278
2015-08,EUROPE,Scandinavia,Male,3807
2015-08,EUROPE,UK,Male,22519
2015-08,EUROPE,UK,Female,18549
2015-09,EUROPE,France,Male,6129
2015-09,EUROPE,France,Female,3687
2015-09,EUROPE,Germany,Male,12829
2015-09,EUROPE,Germany,Female,9474
2015-09,EUROPE,Netherlands,Male,3851
2015-09,EUROPE,Netherlands,Female,1910
2015-09,EUROPE,Russian Federation,Male,1838
2015-09,EUROPE,Russian Federation,Female,1887
2015-09,EUROPE,Scandinavia,Female,1911
2015-09,EUROPE,Scandinavia,Male,4233
2015-09,EUROPE,UK,Male,23134
2015-09,EUROPE,UK,Female,14227
2015-10,EUROPE,France,Male,8124
2015-10,EUROPE,France,Female,5210
2015-10,EUROPE,Germany,Male,14478
2015-10,EUROPE,Germany,Female,10240
2015-10,EUROPE,Netherlands,Male,4141
2015-10,EUROPE,Netherlands,Female,2416
2015-10,EUROPE,Russian Federation,Male,2419
2015-10,EUROPE,Russian Federation,Female,2481
2015-10,EUROPE,Scandinavia,Female,3509
2015-10,EUROPE,Scandinavia,Male,5509
2015-10,EUROPE,UK,Male,23675
2015-10,EUROPE,UK,Female,17177
2015-11,EUROPE,France,Male,7423
2015-11,EUROPE,France,Female,4846
2015-11,EUROPE,Germany,Male,16511
2015-11,EUROPE,Germany,Female,11483
2015-11,EUROPE,Netherlands,Male,4327
2015-11,EUROPE,Netherlands,Female,2300
2015-11,EUROPE,Russian Federation,Male,2724
2015-11,EUROPE,Russian Federation,Female,2794
2015-11,EUROPE,Scandinavia,Female,3546
2015-11,EUROPE,Scandinavia,Male,5803
2015-11,EUROPE,UK,Male,24586
2015-11,EUROPE,UK,Female,17436
2015-12,EUROPE,France,Male,6588
2015-12,EUROPE,France,Female,4855
2015-12,EUROPE,Germany,Male,18792
2015-12,EUROPE,Germany,Female,16380
2015-12,EUROPE,Netherlands,Male,3728
2015-12,EUROPE,Netherlands,Female,2426
2015-12,EUROPE,Russian Federation,Male,2784
2015-12,EUROPE,Russian Federation,Female,3023
2015-12,EUROPE,Scandinavia,Female,4534
2015-12,EUROPE,Scandinavia,Male,5727
2015-12,EUROPE,UK,Male,21888
2015-12,EUROPE,UK,Female,17853
2013-01,OCEANIA,Australia,Male,65088
2013-01,OCEANIA,Australia,Female,54495
2013-01,OCEANIA,Australia,Not Stated,9
2013-01,OCEANIA,New Zealand,Male,6288
2013-01,OCEANIA,New Zealand,Female,5620
2013-01,OCEANIA,New Zealand,Not Stated,0
2013-02,OCEANIA,Australia,Male,40095
2013-02,OCEANIA,Australia,Female,29323
2013-02,OCEANIA,Australia,Not Stated,52
2013-02,OCEANIA,New Zealand,Male,3270
2013-02,OCEANIA,New Zealand,Female,2459
2013-02,OCEANIA,New Zealand,Not Stated,6
2013-03,OCEANIA,Australia,Male,49690
2013-03,OCEANIA,Australia,Female,37893
2013-03,OCEANIA,Australia,Not Stated,69
2013-03,OCEANIA,New Zealand,Male,4128
2013-03,OCEANIA,New Zealand,Female,2956
2013-03,OCEANIA,New Zealand,Not Stated,3
2013-04,OCEANIA,Australia,Male,51769
2013-04,OCEANIA,Australia,Female,42428
2013-04,OCEANIA,Australia,Not Stated,88
2013-04,OCEANIA,New Zealand,Male,5056
2013-04,OCEANIA,New Zealand,Female,3971
2013-04,OCEANIA,New Zealand,Not Stated,8
2013-05,OCEANIA,Australia,Male,47033
2013-05,OCEANIA,Australia,Female,37370
2013-05,OCEANIA,Australia,Not Stated,41
2013-05,OCEANIA,New Zealand,Male,5552
2013-05,OCEANIA,New Zealand,Female,4669
2013-05,OCEANIA,New Zealand,Not Stated,4
2013-06,OCEANIA,Australia,Male,49910
2013-06,OCEANIA,Australia,Female,41305
2013-06,OCEANIA,Australia,Not Stated,16
2013-06,OCEANIA,New Zealand,Male,5697
2013-06,OCEANIA,New Zealand,Female,4929
2013-06,OCEANIA,New Zealand,Not Stated,0
2013-07,OCEANIA,Australia,Male,60424
2013-07,OCEANIA,Australia,Female,52319
2013-07,OCEANIA,Australia,Not Stated,0
2013-07,OCEANIA,New Zealand,Male,7680
2013-07,OCEANIA,New Zealand,Female,7133
2013-07,OCEANIA,New Zealand,Not Stated,0
2013-08,OCEANIA,Australia,Male,43913
2013-08,OCEANIA,Australia,Female,35307
2013-08,OCEANIA,Australia,Not Stated,1
2013-08,OCEANIA,New Zealand,Male,5676
2013-08,OCEANIA,New Zealand,Female,5089
2013-08,OCEANIA,New Zealand,Not Stated,0
2013-09,OCEANIA,Australia,Male,58709
2013-09,OCEANIA,Australia,Female,46467
2013-09,OCEANIA,Australia,Not Stated,3
2013-09,OCEANIA,New Zealand,Male,6059
2013-09,OCEANIA,New Zealand,Female,5022
2013-10,OCEANIA,Australia,Male,53020
2013-10,OCEANIA,Australia,Female,43434
2013-10,OCEANIA,Australia,Not Stated,0
2013-10,OCEANIA,New Zealand,Male,5707
2013-10,OCEANIA,New Zealand,Female,4652
2013-10,OCEANIA,New Zealand,Not Stated,0
2013-11,OCEANIA,Australia,Male,43849
2013-11,OCEANIA,Australia,Female,34475
2013-11,OCEANIA,Australia,Not Stated,0
2013-11,OCEANIA,New Zealand,Male,4696
2013-11,OCEANIA,New Zealand,Female,3734
2013-12,OCEANIA,Australia,Male,57951
2013-12,OCEANIA,Australia,Female,48633
2013-12,OCEANIA,Australia,Not Stated,0
2013-12,OCEANIA,New Zealand,Male,5556
2013-12,OCEANIA,New Zealand,Female,4827
2014-01,OCEANIA,Australia,Male,67671
2014-01,OCEANIA,Australia,Female,58448
2014-01,OCEANIA,Australia,Not Stated,0
2014-01,OCEANIA,New Zealand,Male,6154
2014-01,OCEANIA,New Zealand,Female,5312
2014-02,OCEANIA,Australia,Male,40022
2014-02,OCEANIA,Australia,Female,29097
2014-02,OCEANIA,Australia,Not Stated,0
2014-02,OCEANIA,New Zealand,Male,3976
2014-02,OCEANIA,New Zealand,Female,2917
2014-02,OCEANIA,New Zealand,Not Stated,0
2014-03,OCEANIA,Australia,Male,43118
2014-03,OCEANIA,Australia,Female,31460
2014-03,OCEANIA,Australia,Not Stated,0
2014-03,OCEANIA,New Zealand,Male,3986
2014-03,OCEANIA,New Zealand,Female,2886
2014-03,OCEANIA,New Zealand,Not Stated,0
2014-04,OCEANIA,Australia,Male,54570
2014-04,OCEANIA,Australia,Female,45241
2014-04,OCEANIA,Australia,Not Stated,0
2014-04,OCEANIA,New Zealand,Male,5120
2014-04,OCEANIA,New Zealand,Female,4400
2014-04,OCEANIA,New Zealand,Not Stated,0
2014-05,OCEANIA,Australia,Male,44166
2014-05,OCEANIA,Australia,Female,34114
2014-05,OCEANIA,Australia,Not Stated,0
2014-05,OCEANIA,New Zealand,Male,5823
2014-05,OCEANIA,New Zealand,Female,4989
2014-05,OCEANIA,New Zealand,Not Stated,0
2014-06,OCEANIA,Australia,Male,45162
2014-06,OCEANIA,Australia,Female,36396
2014-06,OCEANIA,Australia,Not Stated,0
2014-06,OCEANIA,New Zealand,Male,5802
2014-06,OCEANIA,New Zealand,Female,5120
2014-07,OCEANIA,Australia,Male,57302
2014-07,OCEANIA,Australia,Female,49339
2014-07,OCEANIA,Australia,Not Stated,0
2014-07,OCEANIA,New Zealand,Male,7131
2014-07,OCEANIA,New Zealand,Female,6944
2014-08,OCEANIA,Australia,Male,45594
2014-08,OCEANIA,Australia,Female,36854
2014-08,OCEANIA,Australia,Not Stated,0
2014-08,OCEANIA,New Zealand,Male,5879
2014-08,OCEANIA,New Zealand,Female,5060
2014-09,OCEANIA,Australia,Male,54616
2014-09,OCEANIA,Australia,Female,43026
2014-09,OCEANIA,Australia,Not Stated,0
2014-09,OCEANIA,New Zealand,Male,5743
2014-09,OCEANIA,New Zealand,Female,4850
2014-10,OCEANIA,Australia,Male,48281
2014-10,OCEANIA,Australia,Female,39284
2014-10,OCEANIA,New Zealand,Male,4967
2014-10,OCEANIA,New Zealand,Female,4179
2014-11,OCEANIA,Australia,Male,41272
2014-11,OCEANIA,Australia,Female,31990
2014-11,OCEANIA,New Zealand,Male,4242
2014-11,OCEANIA,New Zealand,Female,3193
2014-12,OCEANIA,Australia,Male,52530
2014-12,OCEANIA,Australia,Female,45325
2014-12,OCEANIA,New Zealand,Male,5274
2014-12,OCEANIA,New Zealand,Female,4741
2015-01,OCEANIA,Australia,Male,61897
2015-01,OCEANIA,Australia,Female,53686
2015-01,OCEANIA,Australia,Not Stated,1
2015-01,OCEANIA,New Zealand,Male,6523
2015-01,OCEANIA,New Zealand,Female,5807
2015-02,OCEANIA,Australia,Male,36504
2015-02,OCEANIA,Australia,Female,28505
2015-02,OCEANIA,New Zealand,Male,3554
2015-02,OCEANIA,New Zealand,Female,2795
2015-03,OCEANIA,Australia,Male,41209
2015-03,OCEANIA,Australia,Female,29499
2015-03,OCEANIA,New Zealand,Male,4509
2015-03,OCEANIA,New Zealand,Female,3345
2015-04,OCEANIA,Australia,Male,45512
2015-04,OCEANIA,Australia,Female,37985
2015-04,OCEANIA,New Zealand,Male,5124
2015-04,OCEANIA,New Zealand,Female,4368
2015-05,OCEANIA,Australia,Male,41649
2015-05,OCEANIA,Australia,Female,32316
2015-05,OCEANIA,New Zealand,Male,5437
2015-05,OCEANIA,New Zealand,Female,4640
2015-06,OCEANIA,Australia,Male,45194
2015-06,OCEANIA,Australia,Female,37561
2015-06,OCEANIA,New Zealand,Male,5986
2015-06,OCEANIA,New Zealand,Female,5607
2015-07,OCEANIA,Australia,Male,52418
2015-07,OCEANIA,Australia,Female,45165
2015-07,OCEANIA,New Zealand,Male,7543
2015-07,OCEANIA,New Zealand,Female,7213
2015-08,OCEANIA,Australia,Male,45324
2015-08,OCEANIA,Australia,Female,37739
2015-08,OCEANIA,New Zealand,Male,6523
2015-08,OCEANIA,New Zealand,Female,5974
2015-09,OCEANIA,Australia,Male,53224
2015-09,OCEANIA,Australia,Female,43847
2015-09,OCEANIA,New Zealand,Male,6677
2015-09,OCEANIA,New Zealand,Female,5735
2015-10,OCEANIA,Australia,Male,52422
2015-10,OCEANIA,Australia,Female,43918
2015-10,OCEANIA,New Zealand,Male,6135
2015-10,OCEANIA,New Zealand,Female,5327
2015-11,OCEANIA,Australia,Male,42669
2015-11,OCEANIA,Australia,Female,33699
2015-11,OCEANIA,Australia,Not Stated,1
2015-11,OCEANIA,New Zealand,Male,5010
2015-11,OCEANIA,New Zealand,Female,4060
2015-12,OCEANIA,Australia,Male,54070
2015-12,OCEANIA,Australia,Female,47554
2015-12,OCEANIA,New Zealand,Male,5121
2015-12,OCEANIA,New Zealand,Female,4605